""	"Private"	"Apps"	"Accept"	"Enroll"	"Top10perc"	"Top25perc"	"F.Undergrad"	"P.Undergrad"	"Outstate"	"Room.Board"	"Books"	"Personal"	"PhD"	"Terminal"	"S.F.Ratio"	"perc.alumni"	"Expend"	"Grad.Rate"	"total_undergrads"
"Abilene Christian University"	"Yes"	1660	1232	721	23	52	2885	537	7440	3300	450	2200	70	78	18.1	12	7041	60	3422
"Adelphi University"	"Yes"	2186	1924	512	16	29	2683	1227	12280	6450	750	1500	29	30	12.2	16	10527	56	3910
"Alverno College"	"Yes"	494	313	157	23	46	1317	1235	8352	3640	650	2449	36	69	11.1	26	8127	55	2552
"Anderson University"	"Yes"	1216	908	423	19	40	1819	281	10100	3520	550	1100	48	61	12.1	14	7994	59	2100
"Angelo State University"	"No"	3540	2001	1016	24	54	4190	1512	5130	3592	500	2000	60	62	23.1	5	4010	34	5702
"Appalachian State University"	"No"	7313	4664	1910	20	63	9940	1035	6806	2540	96	2000	83	96	18.3	14	5854	70	10975
"Arizona State University Main campus"	"No"	12809	10308	3761	24	49	22593	7585	7434	4850	700	2100	88	93	18.9	5	4602	48	30178
"Arkansas Tech University"	"No"	1734	1729	951	12	52	3602	939	3460	2650	450	1000	57	60	19.6	5	4739	48	4541
"Assumption College"	"Yes"	2135	1700	491	23	59	1708	689	12000	5920	500	500	93	93	13.8	30	7100	88	2397
"Auburn University-Main Campus"	"No"	7548	6791	3070	25	57	16262	1716	6300	3933	600	1908	85	91	16.7	18	6642	69	17978
"Augsburg College"	"Yes"	662	513	257	12	30	2074	726	11902	4372	540	950	65	65	12.8	31	7836	58	2800
"Baldwin-Wallace College"	"Yes"	1690	1366	662	30	61	2718	1460	10995	4410	1000	1000	68	74	17.6	20	8086	85	4178
"Barnard College"	"Yes"	2496	1402	531	53	95	2121	69	17926	8124	600	850	83	93	10.3	33	12580	91	2190
"Barry University"	"Yes"	990	784	279	18	45	1811	3144	11290	5360	600	1800	76	78	12.6	11	9084	72	4955
"Baylor University"	"Yes"	6075	5349	2367	34	66	9919	484	6450	3920	600	1346	71	76	18.5	38	7503	72	10403
"Belmont University"	"Yes"	1220	974	481	28	67	1964	623	7800	3664	650	900	61	61	11.1	19	7614	49	2587
"Bemidji State University"	"No"	1208	877	546	12	36	3796	824	4425	2700	660	1800	57	62	19.6	16	3752	46	4620
"Bentley College"	"Yes"	3466	2330	640	20	60	3095	1533	13800	5510	630	850	87	87	17.5	20	10941	82	4628
"Bethune Cookman College"	"Yes"	1646	1150	542	12	30	2128	82	5188	3396	650	2500	48	48	13.8	9	6817	58	2210
"Bloomsburg Univ. of Pennsylvania"	"No"	6773	3028	1025	15	55	5847	946	7844	2948	500	1680	66	68	18	19	7041	75	6793
"Boston University"	"Yes"	20192	13007	3810	45	80	14971	3113	18420	6810	475	1025	80	81	11.9	16	16836	72	18084
"Bowling Green State University"	"No"	9251	7333	3076	14	45	13699	1213	7452	3352	600	1700	81	89	21.1	14	6918	67	14912
"Bradley University"	"Yes"	3767	3414	1061	30	58	4531	643	10870	4440	2000	1522	75	81	14.4	21	7671	85	5174
"Brandeis University"	"Yes"	4186	2743	740	48	77	2819	62	19380	6750	410	1000	90	97	9.8	24	17150	84	2881
"Brewton-Parker College"	"Yes"	1436	1228	1202	10	26	1320	822	4371	2370	500	2000	62	62	12.6	10	4900	18	2142
"Brigham Young University at Provo"	"Yes"	7365	5402	4615	48	82	27378	1253	2340	3580	860	1220	76	76	20.5	40	7916	33	28631
"Brown University"	"Yes"	12586	3239	1462	87	95	5643	349	19528	5926	720	1100	99	100	7.6	39	20440	97	5992
"Bucknell University"	"Yes"	6548	3813	862	49	85	3316	31	18550	4750	800	1200	95	97	14.2	36	13675	93	3347
"Buena Vista College"	"Yes"	860	688	285	32	70	1928	442	13306	3797	450	950	62	69	8.8	10	6333	78	2370
"Butler University"	"Yes"	2362	2037	700	40	68	2607	148	13130	4650	500	1600	77	81	10.9	29	9511	83	2755
"California Polytechnic-San Luis"	"No"	7811	3817	1650	47	73	12911	1404	7380	4877	612	2091	72	81	19.8	13	8453	59	14315
"California State University at Fresno"	"No"	4540	3294	1483	5	60	13494	1254	7706	4368	600	1926	90	90	21.2	8	7268	61	14748
"Calvin College"	"Yes"	1784	1512	913	29	56	3401	136	10230	3710	400	1210	75	81	14.8	41	7786	81	3537
"Campbell University"	"Yes"	2087	1339	657	20	54	3191	1204	7550	2790	600	500	77	77	21.8	34	3739	63	4395
"Canisius College"	"Yes"	2853	2193	753	16	34	2978	434	10750	5340	400	1130	90	92	14.6	26	7972	64	3412
"Capital University"	"Yes"	1747	1382	449	34	66	1662	960	13050	4000	500	800	64	69	12.1	27	9557	83	2622
"Carnegie Mellon University"	"Yes"	8728	5201	1191	60	89	4265	291	17900	5690	450	1250	86	93	9.2	31	24386	74	4556
"Case Western Reserve University"	"Yes"	3877	3156	713	71	93	3051	513	15700	4730	525	1460	95	95	2.9	29	19733	67	3564
"Catholic University of America"	"Yes"	1754	1465	505	24	49	2159	211	13712	6408	526	1100	90	96	9.3	18	12751	75	2370
"Cedarville College"	"Yes"	1307	1090	616	25	55	2196	82	7344	4410	570	1000	50	52	15.3	34	6897	64	2278
"Central Connecticut State University"	"No"	4158	2532	902	6	24	6394	3881	5962	4444	500	985	69	73	16.7	4	4900	49	10275
"Central Missouri State University"	"No"	4681	4101	1436	10	35	8094	1596	4620	3288	300	2250	69	80	19.7	4	5501	50	9690
"Central Washington University"	"No"	2785	2011	1007	8	65	6507	898	7242	3603	654	1416	67	89	18.1	0	6413	51	7405
"Christopher Newport University"	"No"	883	766	428	3	37	2910	1749	7860	4750	525	1889	80	82	21.2	16	4639	48	4659
"Clark University"	"Yes"	2887	2059	457	30	61	1928	296	17500	4200	500	950	94	95	10.5	35	11951	79	2224
"Clarkson University"	"Yes"	2174	1953	557	35	68	2332	53	15960	5580	700	1300	95	95	15.8	32	11659	77	2385
"Clemson University"	"No"	8065	5257	2301	37	65	11755	770	8116	3610	800	1618	82	88	18	17	7597	73	12525
"Colgate University"	"Yes"	4856	2492	727	46	75	2649	25	19510	5565	500	750	95	98	10.5	45	15494	93	2674
"College of Charleston"	"No"	4772	3140	1265	22	55	6851	1200	6120	3460	666	2316	73	78	17.2	18	4776	51	8051
"College of Mount St. Joseph"	"Yes"	798	620	238	14	41	1165	1232	9800	4430	400	1150	46	46	11.1	35	6889	100	2397
"College of Notre Dame of Maryland"	"Yes"	457	356	177	35	61	667	1983	11180	5620	600	700	64	64	11.5	32	7477	75	2650
"College of Saint Catherine"	"Yes"	511	411	186	23	51	1692	562	12224	4440	450	1000	63	87	11.5	32	7315	77	2254
"College of Saint Rose"	"Yes"	983	664	249	23	57	1698	894	9990	5666	800	1500	66	71	14.3	28	6084	64	2592
"College of the Holy Cross"	"Yes"	2994	1691	659	70	95	2675	22	18000	6300	400	900	92	96	11.3	55	12138	95	2697
"College of William and Mary"	"No"	7117	3106	1217	68	88	5186	134	11720	4298	600	800	89	92	12.1	31	9534	93	5320
"Colorado State University"	"No"	9478	6312	2194	29	65	15646	1829	8412	4180	470	1800	87	89	19.2	10	7850	59	17475
"Columbia College MO"	"Yes"	314	158	132	10	28	690	5346	8294	3700	400	900	87	87	15.3	2	5015	37	6036
"Columbia University"	"Yes"	6756	1930	871	78	96	3376	55	18624	6664	550	300	97	98	5.9	21	30639	99	3431
"Creighton University"	"Yes"	2967	2836	876	30	60	3450	644	10628	4372	650	2055	85	90	6.5	32	22906	85	4094
"Dartmouth College"	"Yes"	8587	2273	1087	87	99	3918	32	19545	6070	550	1100	95	99	4.7	49	29619	98	3950
"Delta State University"	"No"	967	945	459	15	48	2806	538	4528	1880	500	1200	49	63	17.1	16	5113	58	3344
"Dowling College"	"Yes"	1011	829	410	9	33	1059	2458	9000	3100	450	1413	77	78	12.4	7	11178	42	3517
"Drake University"	"Yes"	2799	2573	839	34	65	3322	726	13420	4770	560	1675	88	93	15	24	9473	77	4048
"Duke University"	"Yes"	13789	3893	1583	90	98	6188	53	18590	5950	625	1162	95	96	5	44	27206	97	6241
"East Carolina University"	"No"	9274	6362	2435	14	44	13171	1687	7248	3240	500	1700	74	78	13.2	18	9002	58	14858
"East Tennessee State University"	"No"	3330	2730	1303	15	36	6706	2640	5800	3000	600	2200	73	75	14	9	9825	42	9346
"Eastern Connecticut State University"	"No"	2172	1493	564	14	50	2766	1531	5962	4316	650	500	71	76	16.9	14	5719	50	4297
"Eastern Illinois University"	"No"	5597	4253	1565	12	38	9161	845	5710	3066	120	1730	62	71	16.2	5	5682	76	10006
"Elon College"	"Yes"	3624	2786	858	11	39	2933	334	9100	3883	490	1777	70	74	18.9	34	6329	63	3267
"Embry Riddle Aeronautical University"	"Yes"	3151	2584	958	14	40	4772	856	7800	3750	570	3020	37	43	16.5	4	12878	44	5628
"Emory University"	"Yes"	8506	4168	1236	76	97	5544	192	17600	6000	600	870	97	98	5	28	28457	96	5736
"Emporia State University"	"No"	1256	1256	853	43	79	3957	588	5401	3144	450	1888	72	75	19.3	4	5527	50	4545
"Evergreen State College"	"No"	1801	1101	438	14	50	3065	363	6297	4600	600	1323	75	78	18.1	14	8355	68	3428
"Fairfield University"	"Yes"	4784	3346	781	30	66	2984	1037	15000	6200	700	1100	86	90	15.1	30	11220	94	4021
"Fayetteville State University"	"No"	1455	1064	452	1	16	2632	617	6806	2550	350	766	75	75	15.1	10	6972	24	3249
"Florida International University"	"No"	3306	2079	1071	42	89	10208	9310	6597	2494	800	3028	81	96	13.9	20	6722	66	19518
"Florida Southern College"	"Yes"	1381	1040	374	20	44	1506	970	8025	4865	400	650	65	74	17.4	10	6339	68	2476
"Florida State University"	"No"	11651	8683	3023	50	90	18906	3242	6680	4060	600	1020	80	89	23.1	15	7250	58	22148
"Fordham University"	"Yes"	4200	2874	942	30	55	4740	1646	14235	6965	600	1735	86	97	14.4	14	10864	80	6386
"Fort Lewis College"	"No"	3440	2823	1123	16	35	3793	486	6198	3320	500	2500	89	97	19.1	6	4362	46	4279
"Francis Marion University"	"No"	1801	1655	819	13	38	3224	436	5840	3138	400	2430	76	76	19.1	8	5039	43	3660
"Franklin Pierce College"	"Yes"	5187	4471	446	3	14	1818	1197	13320	4630	500	800	50	56	17.6	16	6418	51	3015
"Furman University"	"Yes"	2161	1951	685	56	82	2371	175	13440	4048	600	1250	92	95	13.5	28	12940	82	2546
"Gannon University"	"Yes"	2464	1908	678	24	57	2693	691	10970	4280	500	1380	47	51	13.3	18	7711	65	3384
"George Mason University"	"No"	5653	4326	1727	17	29	9528	3822	10800	4840	580	1050	93	96	19.3	7	6751	46	13350
"George Washington University"	"Yes"	7875	5062	1492	38	71	5471	1470	17450	6328	700	950	92	93	7.6	15	14745	72	6941
"Georgetown University"	"Yes"	11115	2881	1390	71	93	5881	406	18300	7131	670	1700	91	92	7.2	27	19635	95	6287
"Georgia Institute of Technology"	"No"	7837	4527	2276	89	99	8528	654	6489	4438	795	1164	92	92	19.3	33	11271	70	9182
"Georgia State University"	"No"	3793	2341	1238	9	24	7732	9054	6744	2655	720	3450	87	89	19	10	7762	34	16786
"Gonzaga University"	"Yes"	1886	1524	526	31	67	2523	296	13000	4450	600	2400	78	90	14.7	32	9553	69	2819
"Graceland College"	"Yes"	555	414	242	14	41	996	2281	9100	3100	550	880	51	61	23.6	24	5609	47	3277
"Grand Valley State University"	"No"	5165	3887	1561	20	60	8234	2619	6108	3800	500	1000	64	66	20.6	9	5063	57	10853
"Grove City College"	"Yes"	2491	1110	573	57	88	2213	35	5224	3048	525	350	65	65	18.4	18	4957	100	2248
"Gustavus Adolphus College"	"Yes"	1709	1385	634	36	72	2281	50	14125	3600	400	700	79	89	12.5	58	9907	80	2331
"Hampton University"	"Yes"	7178	3755	1433	25	63	4623	740	7161	3518	600	2000	60	64	14	9	6791	70	5363
"Harding University"	"Yes"	1721	1068	806	35	75	3128	213	5504	3528	700	910	71	77	17.7	37	6466	73	3341
"Harvard University"	"Yes"	13865	2165	1606	90	100	6862	320	18485	6410	500	1920	97	97	9.9	52	37219	100	7182
"Hofstra University"	"Yes"	7428	5860	1349	25	63	6534	1350	11600	5920	1000	1000	81	90	13.9	10	10093	60	7884
"Hope College"	"Yes"	1712	1483	624	37	69	2505	208	12275	4341	465	1100	72	81	12.5	40	9284	72	2713
"Illinois Institute of Technology"	"Yes"	1756	1360	478	42	77	1911	626	14550	4620	500	700	80	88	12.3	26	12851	56	2537
"Illinois State University"	"No"	8681	6695	2408	10	35	15701	1823	7799	3403	537	2605	77	84	21	16	5569	54	17524
"Incarnate Word College"	"Yes"	1163	927	386	16	49	1685	556	8840	4689	750	2775	67	69	11.4	21	6095	95	2241
"Indiana State University"	"No"	5659	4761	3147	10	31	8596	1949	6892	3706	600	2500	72	76	16.6	8	6996	40	10545
"Indiana University at Bloomington"	"No"	16587	13243	5873	25	72	24763	2717	9766	3990	600	2000	77	88	21.3	24	8686	68	27480
"Indiana Wesleyan University"	"Yes"	735	423	366	20	48	2448	707	9210	3782	700	1000	49	51	39.8	15	6562	34	3155
"Iona College"	"Yes"	4892	3530	913	13	33	3906	1446	10690	6790	570	1150	66	83	16	14	8107	66	5352
"Iowa State University"	"No"	8427	7424	3441	26	59	18676	1715	7550	3224	640	2055	81	88	19.2	22	8420	65	20391
"Ithaca College"	"Yes"	7259	5526	1368	23	52	5612	166	14424	6192	634	1000	58	79	11.5	25	9812	75	5778
"James Madison University"	"No"	11223	5285	2082	32	72	9652	742	7994	4544	500	732	77	81	17.9	29	5212	98	10394
"Jamestown College"	"Yes"	472	410	262	14	41	9950	71	7620	3050	400	400	51	53	17	21	3186	54	10021
"Jersey City State College"	"No"	2957	1423	691	10	30	3817	1394	3946	4800	400	1500	63	67	14.9	10	8367	26	5211
"John Carroll University"	"Yes"	2421	2109	820	27	57	3168	392	11700	5550	600	450	89	90	14.5	28	7738	89	3560
"Johns Hopkins University"	"Yes"	8474	3446	911	75	94	3566	1569	18800	6740	500	1040	96	97	3.3	38	56233	90	5135
"Kansas State University"	"No"	5880	4075	2833	25	55	14914	2246	6995	3120	600	2000	76	86	18.5	22	6122	54	17160
"Keene State College"	"No"	3121	2446	822	5	19	3480	776	7870	4157	500	1150	73	73	16.1	13	6195	61	4256
"La Salle University"	"Yes"	2929	1834	622	20	56	2738	1662	12600	5610	450	3160	90	90	15.1	9	9084	84	4400
"Lafayette College"	"Yes"	4010	2402	572	36	59	2018	226	18730	5740	600	1000	93	96	10.5	38	15365	92	2244
"Lakeland College"	"Yes"	497	452	231	24	47	887	1957	9400	4005	500	1000	49	65	17.2	25	4054	57	2844
"Lamar University"	"No"	2336	1725	1043	10	27	5438	4058	4752	3040	508	1463	48	82	18.4	12	5879	26	9496
"Lander University"	"No"	1166	1009	510	9	33	2074	341	4938	2987	528	1702	67	77	17	11	6119	51	2415
"Le Moyne College"	"Yes"	1470	1199	425	21	76	1820	558	11040	4840	400	900	89	92	13.3	28	8118	94	2378
"Lehigh University"	"Yes"	6397	4304	1092	40	84	4298	132	18700	5580	750	1130	96	99	12.5	43	14665	91	4430
"Lewis University"	"Yes"	1154	1050	395	12	31	2192	1423	10560	4520	500	1200	36	48	14.3	10	7701	61	3615
"Lindenwood College"	"Yes"	810	484	356	6	33	2155	191	9200	4800	1000	4200	65	85	24.1	9	3480	100	2346
"Linfield College"	"Yes"	1561	1188	458	48	72	1548	840	13380	4210	500	900	89	91	17.8	34	8747	81	2388
"Lock Haven University of Pennsylvania"	"No"	3570	2215	651	17	41	3390	325	7352	3620	225	500	47	55	16.1	14	6374	63	3715
"Longwood College"	"No"	2747	1870	724	12	47	2874	118	7920	3962	550	2200	74	80	18.4	23	5553	62	2992
"Louisiana State University at Baton Rouge"	"No"	5996	4993	3079	29	57	16269	3757	5925	2980	600	2242	83	87	15.9	11	6741	37	20026
"Louisiana Tech University"	"No"	2397	2144	1525	22	45	6720	1822	3957	2325	618	1656	66	77	20	13	4546	45	8542
"Loyola College"	"Yes"	4076	3137	738	25	54	3010	184	12990	6300	600	900	86	88	14.7	27	9448	80	3194
"Loyola Marymount University"	"Yes"	3768	2662	753	42	64	3558	436	13592	5916	545	1328	84	88	14.2	10	11677	84	3994
"Loyola University"	"Yes"	1891	1698	719	24	80	2740	761	11100	5870	600	750	77	88	11.7	14	9456	53	3501
"Loyola University Chicago"	"Yes"	3579	2959	868	25	55	5244	3417	11500	5330	700	2000	94	95	6.2	15	13009	65	8661
"Luther College"	"Yes"	1549	1392	587	38	72	2269	85	13240	3560	600	400	73	85	13.8	38	8949	77	2354
"Manhattan College"	"Yes"	2432	1730	563	20	63	2578	254	12370	6800	500	1800	92	92	13.6	25	10062	79	2832
"Mankato State University"	"No"	3073	2672	1547	9	29	9649	1792	4300	2643	450	1660	57	68	19	11	5801	68	11441
"Marist College"	"Yes"	4731	3171	830	12	31	3557	658	10700	5925	550	1200	74	81	17.6	34	8408	69	4215
"Marquette University"	"Yes"	5152	4600	1685	36	71	7016	804	11610	4760	600	1950	86	94	13.5	25	9982	77	7820
"Marshall University"	"Yes"	4226	3666	2007	14	60	7703	2339	5094	4010	700	1560	77	86	16.6	10	6203	50	10042
"Mary Washington College"	"No"	4350	2178	756	39	78	2997	736	6490	4942	650	2102	75	80	17.6	30	5358	84	3733
"Maryville University"	"Yes"	549	397	169	26	51	1343	1751	9250	4550	425	1350	52	58	13.1	13	5925	61	3094
"Massachusetts Institute of Technology"	"Yes"	6411	2140	1078	96	99	4481	28	20100	5975	725	1600	99	99	10.1	35	33541	94	4509
"Mercer University"	"Yes"	2286	1668	564	37	70	2943	1260	11985	4081	400	1500	93	95	9.2	15	8995	91	4203
"Mercyhurst College"	"Yes"	1557	1074	397	15	40	1805	433	9813	4050	425	1000	45	63	16.7	29	7307	78	2238
"Meredith College"	"Yes"	857	772	376	25	58	1721	470	6720	3250	450	1520	77	82	13.9	33	6881	82	2191
"Merrimack College"	"Yes"	1981	1541	514	18	36	1927	1084	12500	6200	375	1000	73	75	16.8	22	8707	80	3011
"Mesa State College"	"No"	1584	1456	891	6	18	3471	911	5016	3798	540	2256	48	48	28.8	12	3871	59	4382
"Messiah College"	"Yes"	1742	1382	607	30	64	2258	53	10300	5080	475	1200	68	75	14.1	30	7762	89	2311
"Miami University at Oxford"	"No"	9239	7788	3290	35	39	13606	807	8856	3960	500	1382	81	89	17.6	20	7846	85	14413
"Michigan State University"	"No"	18114	15096	6180	23	57	26640	4120	10658	3734	504	600	93	95	14	9	10520	71	30760
"Michigan Technological University"	"No"	2618	2288	1032	42	77	5524	414	8127	3978	900	1200	82	82	17	25	7473	65	5938
"Millersville University of Penn."	"No"	6011	3075	960	22	60	5146	1532	7844	3830	450	1258	72	74	16.8	20	7832	71	6678
"Milwaukee School of Engineering"	"Yes"	1217	1088	496	36	69	1773	884	11505	3255	1000	2075	35	46	16.7	23	7140	67	2657
"Mississippi College"	"Yes"	594	385	307	36	57	1695	721	5580	2830	600	700	77	79	16.5	18	6170	61	2416
"Mississippi State University"	"No"	4255	3277	1609	18	57	10094	1621	9866	3084	480	1479	77	77	15.9	20	6223	53	11715
"Mississippi University for Women"	"No"	480	405	380	19	46	1673	1014	4386	2217	600	1500	49	54	15.8	8	5704	63	2687
"Missouri Southern State College"	"No"	1576	1326	913	13	50	3689	2200	3840	2852	200	400	52	54	20.3	9	4172	100	5889
"Monmouth College"	"Yes"	2707	1881	478	14	34	1893	847	12480	5290	530	1740	70	85	14.2	15	9492	54	2740
"Montana State University"	"No"	3500	2836	1779	15	42	8730	993	5552	3710	550	2300	75	83	17.6	8	6324	37	9723
"Montclair State University"	"No"	5220	2128	865	19	53	6411	3186	3648	4834	700	950	82	87	21.5	9	6717	58	9597
"Moorhead State University"	"No"	2442	2164	1189	12	37	5983	1075	4426	2664	600	1000	76	81	18.1	19	4795	60	7058
"Morehouse College"	"Yes"	3708	1678	722	41	66	2852	153	7050	5490	250	600	71	74	17.8	10	8122	83	3005
"Murray State University"	"No"	2225	1910	1190	29	55	5968	955	4738	3110	700	940	72	76	20.2	27	5972	52	6923
"National-Louis University"	"Yes"	513	347	279	23	48	2508	505	9090	4500	650	500	62	65	18.3	2	7905	71	3013
"New Jersey Institute of Technology"	"No"	1879	1216	483	27	62	3311	1646	8832	5376	700	1850	92	98	13.5	19	12529	72	4957
"New York University"	"Yes"	13594	7244	2505	70	86	12408	2814	17748	7262	450	1000	87	98	7.8	16	21227	71	15222
"Niagara University"	"Yes"	2220	1796	467	65	99	1919	334	10320	4762	450	650	68	100	14.2	20	7788	65	2253
"North Carolina A. & T. State University"	"No"	4809	3089	1429	12	33	6162	871	6806	1780	600	1651	72	72	16.7	9	7090	44	7033
"North Carolina State University at Raleigh"	"No"	10634	7064	3176	39	78	16505	5481	8400	6540	600	1300	92	98	17.5	21	9670	62	21986
"North Dakota State University"	"No"	2968	2297	1610	13	47	7368	1128	5834	2744	600	2000	79	83	17	24	6310	42	8496
"Northeast Missouri State University"	"No"	6040	4577	1620	36	72	5640	266	4856	3416	400	1100	69	72	15.7	13	6601	76	5906
"Northeastern University"	"Yes"	11901	8492	2517	16	42	11160	10221	13380	7425	600	1750	73	82	12.9	17	9563	46	21381
"Northern Arizona University"	"No"	5891	4931	1973	23	48	11249	2682	6746	3728	620	2342	78	83	21.7	7	6157	41	13931
"Northern Illinois University"	"No"	10706	7219	2397	12	37	14826	1979	7799	3296	470	1750	73	78	17.3	11	6086	56	16805
"Northwest Missouri State University"	"No"	2729	2535	1257	8	29	4787	472	3735	3136	250	1630	62	65	21.7	23	5284	54	5259
"Northwestern University"	"Yes"	12289	5200	1902	85	98	7450	45	16404	5520	759	1585	96	100	6.8	25	26385	92	7495
"Norwich University"	"Yes"	1743	1625	626	8	29	1862	382	14134	5270	500	800	71	74	13.1	22	9209	63	2244
"Oakland University"	"No"	3041	2581	1173	16	56	6441	3982	9114	4030	400	650	88	90	19.7	13	6637	53	10423
"Oberlin College"	"Yes"	4778	2767	678	50	89	2587	120	19670	5820	575	1119	77	96	10.1	47	16593	83	2707
"Ohio Northern University"	"Yes"	2936	2342	669	35	62	2502	66	15990	4080	600	825	73	78	14.5	31	9979	83	2568
"Ohio University"	"No"	11023	8298	3183	21	54	14861	1310	7629	4095	550	2300	79	87	20.4	13	8811	64	16171
"Oklahoma Baptist University"	"Yes"	758	681	484	35	59	1707	705	5390	3140	515	1290	63	71	15.1	18	5511	50	2412
"Oklahoma State University"	"No"	4522	3913	2181	29	57	12830	1658	5336	3344	800	3100	84	92	15.3	14	6433	48	14488
"Otterbein College"	"Yes"	1496	1205	428	26	57	1648	936	12888	4440	420	840	62	68	13.9	30	8802	87	2584
"Our Lady of the Lake University"	"Yes"	2308	1336	295	22	46	1202	942	8530	3644	616	1576	56	64	14.9	25	7114	37	2144
"Pace University"	"Yes"	8256	3750	1522	37	70	5809	4379	11000	5160	660	1115	90	95	13.8	10	10059	62	10188
"Pacific Lutheran University"	"Yes"	1603	1392	504	31	68	2580	302	13312	4488	600	1516	78	78	11	23	9431	83	2882
"Pembroke State University"	"No"	944	774	440	14	34	2174	529	6360	2760	550	1498	77	77	15	5	6443	48	2703
"Pennsylvania State Univ. Main Campus"	"No"	19315	10344	3450	48	93	28938	2025	10645	4060	512	2394	77	96	18.1	19	8992	63	30963
"Pepperdine University"	"Yes"	3821	2037	680	86	96	2488	625	18200	6770	500	700	95	98	11.6	13	16185	66	3113
"Philadelphia Coll. of Textiles and Sci."	"Yes"	1538	1259	468	19	42	1664	1042	11690	5062	600	1664	48	80	12.9	15	8028	68	2706
"Point Loma Nazarene College"	"Yes"	809	687	428	20	43	1889	217	10178	4190	800	750	71	71	16.1	19	7895	54	2106
"Point Park College"	"Yes"	875	744	207	7	38	1173	1402	9700	4830	400	1200	45	90	14.5	10	7652	66	2575
"Prairie View A. and M. University"	"No"	2405	2234	1061	10	22	4564	448	4290	3500	598	1582	55	93	19.4	1	5967	35	5012
"Princeton University"	"Yes"	13218	2042	1153	90	98	4540	146	19900	5910	675	1575	91	96	8.4	54	28320	99	4686
"Providence College"	"Yes"	5139	3346	973	20	55	3717	1358	14400	6200	450	1100	66	74	18.4	35	8135	96	5075
"Purdue University at West Lafayette"	"No"	21804	18744	5874	29	60	26213	4065	9556	3990	570	1060	86	86	18.2	15	8604	67	30278
"Quinnipiac College"	"Yes"	3712	2153	806	17	45	2677	714	12030	6140	1000	500	63	73	12	33	8847	86	3391
"Radford University"	"No"	5702	4894	1742	15	37	8077	472	6684	4110	500	900	73	83	19.6	9	4519	62	8549
"Ramapo College of New Jersey"	"No"	2088	957	362	6	29	2745	1938	4449	4860	600	1655	74	95	17.8	8	7333	47	4683
"Rensselaer Polytechnic Institute"	"Yes"	4996	4165	936	53	82	4291	16	17475	5976	1230	1100	94	98	15.4	21	15605	70	4307
"Rider University"	"Yes"	3586	2424	730	16	31	2748	1309	13250	5420	700	3100	84	92	12.3	23	11299	70	4057
"Roger Williams University"	"Yes"	3304	2804	679	10	20	2111	1489	12520	6050	500	730	44	54	16.4	8	7957	61	3600
"Rollins College"	"Yes"	1777	1151	382	31	55	1668	1052	16425	5220	955	750	81	85	13.3	23	11561	90	2720
"Rowan College of New Jersey"	"No"	3820	1431	695	21	70	5303	3942	4356	4830	800	800	76	81	22.1	6	7252	51	9245
"Rutgers at New Brunswick"	"No"	48094	26330	4520	36	79	21401	3712	7410	4748	690	2009	90	95	19.5	19	10474	77	25113
"Rutgers State University at Camden"	"No"	3366	1752	232	27	79	2585	1300	7411	4748	690	2009	90	95	18.6	12	10134	57	3885
"Rutgers State University at Newark"	"No"	5785	2690	499	26	62	4005	1886	7410	4748	690	2009	90	95	17.4	16	11878	58	5891
"Sacred Heart University"	"Yes"	2307	1896	509	19	51	1707	1889	11070	5780	400	600	71	73	14.8	16	7120	82	3596
"Saint Cloud State University"	"No"	3971	3306	1921	10	34	11493	2206	4259	2625	350	1884	70	75	18.9	10	4629	58	13699
"Saint Joseph's College"	"Yes"	833	682	217	12	33	716	2196	9985	5180	500	800	53	89	27.2	8	4322	85	2912
"Saint Joseph's University"	"Yes"	2519	2003	776	39	71	2473	1314	12750	6350	350	1690	84	90	17.4	13	8243	83	3787
"Saint Louis University"	"Yes"	3294	2855	956	44	67	4576	1140	11690	4730	800	6800	84	94	4.6	19	18367	67	5716
"Saint Olaf College"	"Yes"	2248	1673	745	38	73	2888	105	14350	3750	550	550	82	88	10	31	12502	83	2993
"Saint Peter's College"	"Yes"	1606	1413	530	23	38	1921	1154	9408	5520	500	450	78	78	12.1	22	7669	53	3075
"Saint Xavier University"	"Yes"	785	647	295	15	65	1670	726	10860	4624	600	794	87	100	13.7	15	8953	55	2396
"Salisbury State University"	"No"	4216	2290	736	20	52	4296	1027	5130	4690	600	1450	73	75	17.9	18	5125	56	5323
"Samford University"	"Yes"	1680	1395	691	34	76	2959	402	8236	3700	569	1650	74	75	14.7	17	9533	61	3361
"San Diego State University"	"No"	9402	7020	2151	20	70	16407	5550	8384	5110	612	2400	87	93	19.5	7	7930	41	21957
"Santa Clara University"	"Yes"	4019	2779	888	40	73	3891	128	13584	5928	630	1278	88	92	13.9	19	10872	100	4019
"Savannah Coll. of Art and Design"	"Yes"	1109	688	386	20	65	1897	208	8325	5000	1200	1600	14	98	16.1	26	6874	55	2105
"Seattle Pacific University"	"Yes"	1183	1016	411	42	82	1922	704	12669	4875	600	1250	83	85	16.8	20	10368	66	2626
"Seattle University"	"Yes"	2115	1540	494	28	72	2993	347	12825	4375	500	1500	85	85	12.2	16	10175	89	3340
"Seton Hall University"	"Yes"	4576	3565	1000	16	36	4384	1530	12000	6484	650	1000	81	84	14.4	15	10080	64	5914
"Shippensburg University of Penn."	"No"	5818	3281	1116	14	53	5268	300	7844	3504	450	1700	80	83	18.8	13	6719	72	5568
"Siena College"	"Yes"	2961	1932	628	24	68	2669	616	10800	5100	575	1090	71	82	14.1	42	8189	100	3285
"Skidmore College"	"Yes"	4293	2728	591	25	62	2322	263	18710	5970	500	700	87	92	12.7	29	14837	81	2585
"Smith College"	"Yes"	2925	1598	632	51	88	2479	95	18820	6390	500	1050	85	97	10.3	44	21199	90	2574
"South Dakota State University"	"No"	2807	2589	1701	13	37	7000	1103	3811	2190	500	1970	62	65	15	29	5084	67	8103
"Southeast Missouri State University"	"No"	2281	1870	1408	18	43	6553	1246	4680	3540	200	2150	75	76	17.1	8	5916	45	7799
"Southeastern Oklahoma State Univ."	"No"	818	700	447	20	50	2962	651	3738	2619	450	1022	55	59	19.6	9	4444	53	3613
"Southern Illinois University at Edwardsville"	"No"	2540	2195	994	13	40	6063	2550	5472	3598	221	2216	76	81	16.5	8	7498	43	8613
"Southern Methodist University"	"Yes"	4301	3455	1166	41	69	4892	387	12772	5078	576	1802	74	88	13.5	17	12726	72	5279
"Southwest Baptist University"	"Yes"	1093	1093	642	12	32	1770	967	7070	2500	400	1000	52	54	15.9	13	4718	71	2737
"Southwest Missouri State University"	"No"	6118	5254	3204	15	37	13131	3374	4740	2590	500	1360	70	75	19.9	11	4632	56	16505
"Southwest State University"	"No"	1047	938	511	13	33	2091	546	4285	2750	600	1800	58	75	16.5	31	6591	51	2637
"St. John Fisher College"	"Yes"	1368	1064	354	19	51	1687	677	10570	5600	400	800	86	81	14.5	29	7908	66	2364
"St. Mary's College of California"	"Yes"	2643	1611	465	36	80	2615	248	13332	6354	630	1584	88	89	16.1	17	9619	78	2863
"St. Mary's University of San Antonio"	"Yes"	1243	1020	414	33	60	2149	418	8678	3858	700	1736	82	83	16.2	7	7651	72	2567
"Stockton College of New Jersey"	"No"	4019	1579	710	23	65	4365	765	3040	4351	711	1125	78	92	19.5	7	5599	64	5130
"Stonehill College"	"Yes"	3646	2300	585	25	69	2022	926	12170	6172	480	800	79	79	13	30	7495	97	2948
"SUNY at Albany"	"No"	13528	9198	1843	16	61	10168	1231	6550	4355	700	1560	93	96	17.4	16	9075	74	11399
"SUNY at Binghamton"	"No"	14463	6166	1757	60	94	8544	671	6550	4598	700	1000	83	100	18	15	8055	80	9215
"SUNY at Buffalo"	"No"	15039	9649	3087	36	100	13963	3124	6550	4731	708	957	90	97	13.6	15	11177	56	17087
"SUNY at Stony Brook"	"No"	12512	6969	1724	27	66	9744	1351	6550	4712	600	1200	91	96	10.5	7	13705	57	11095
"SUNY College  at Brockport"	"No"	7294	3564	904	7	34	5758	1363	6550	4460	500	705	79	83	19	14	6632	49	7121
"SUNY College  at Oswego"	"No"	8000	4556	1464	17	70	6943	869	6550	4810	500	1500	69	85	22	21	5280	63	7812
"SUNY College at Buffalo"	"No"	5318	3515	1025	8	29	7626	2091	6550	4040	550	1230	71	78	18.7	12	7511	42	9717
"SUNY College at Cortland"	"No"	7888	3519	1036	6	40	5011	346	6550	4680	630	1274	82	85	17.8	17	5563	53	5357
"SUNY College at Fredonia"	"No"	4877	2798	814	13	48	4123	298	6550	4420	620	1481	82	90	16.3	10	6442	66	4421
"SUNY College at Geneseo"	"No"	8598	4562	1143	56	93	5060	146	6550	4170	600	650	79	84	19.1	25	5716	76	5206
"SUNY College at New Paltz"	"No"	8399	3609	656	19	53	4658	1478	6550	4240	550	1500	85	93	15.3	8	6608	53	6136
"SUNY College at Plattsburgh"	"No"	5549	3583	853	9	40	5004	475	6550	4176	600	1380	80	90	17.9	16	6174	65	5479
"SUNY College at Potsdam"	"No"	3150	2289	650	16	51	3598	234	6840	4660	500	1000	71	75	15.1	17	6436	59	3832
"SUNY College at Purchase"	"No"	2119	1264	390	5	33	2478	1441	6550	4760	1125	1362	80	100	14.9	8	8170	46	3919
"Syracuse University"	"Yes"	10477	7260	2442	28	67	10142	117	15150	6870	635	960	73	84	11.3	13	14231	67	10259
"Texas A&M Univ. at College Station"	"No"	14474	10519	6392	49	85	31643	2798	5130	3412	600	2144	89	91	23.1	29	8471	69	34441
"Texas Christian University"	"Yes"	4095	3079	1195	33	64	5064	660	8490	3320	650	2400	81	93	14.8	23	9158	64	5724
"Texas Southern University"	"No"	4345	3245	2604	15	85	5584	3101	7860	3360	600	1700	65	75	18.2	21	3605	10	8685
"The Citadel"	"No"	1500	1242	611	12	36	2024	292	7070	2439	400	779	95	94	17.1	17	7744	84	2316
"Trenton State College"	"No"	5042	2312	944	55	94	5167	902	5391	5411	700	1000	81	87	14.4	6	8504	81	6069
"Trinity University"	"Yes"	2425	1818	601	62	93	2110	95	12240	5150	500	490	94	96	9.6	20	14703	93	2205
"Tulane University"	"Yes"	7033	5125	1223	47	75	4941	1534	19040	5950	350	800	98	98	9.1	21	16920	74	6475
"Tuskegee University"	"Yes"	2267	1827	611	20	59	2825	144	6735	3395	600	1425	70	74	12.2	7	10872	65	2969
"Univ. of Wisconsin at OshKosh"	"No"	4800	2900	1515	14	48	7764	1472	6874	2394	518	1890	73	78	19.2	14	5901	56	9236
"University of Alabama at Birmingham"	"No"	1797	1260	938	24	35	6960	4698	4440	5175	750	2200	96	96	6.7	16	16352	33	11658
"University of Arkansas at Fayetteville"	"No"	3235	3108	2133	25	65	9978	1530	5028	3300	500	2000	73	89	14.8	10	6820	39	11508
"University of California at Berkeley"	"No"	19873	8252	3215	95	100	19532	2061	11648	6246	636	1933	93	97	15.8	10	13919	78	21593
"University of California at Irvine"	"No"	15698	10775	2478	85	100	12677	864	12024	5302	790	1818	96	96	16.1	11	15934	66	13541
"University of Central Florida"	"No"	6986	2959	1918	25	60	12330	7152	6618	4234	700	1600	80	98	22.2	9	6742	46	19482
"University of Chicago"	"Yes"	6348	2999	922	68	94	3340	39	18930	6380	500	1254	99	99	5.3	36	36854	90	3379
"University of Cincinnati"	"No"	6855	5553	2408	26	57	11036	2011	8907	4697	556	1851	89	95	10.8	6	13889	54	13047
"University of Connecticut at Storrs"	"No"	9735	7187	2064	23	63	12478	1660	11656	5072	700	2300	89	95	16	16	10178	71	14138
"University of Dayton"	"Yes"	6361	5293	1507	26	51	5889	665	11380	4220	500	900	81	85	14.8	25	8894	93	6554
"University of Delaware"	"Yes"	14446	10516	3252	22	57	14130	4522	10220	4230	530	1300	82	87	18.3	15	10650	75	18652
"University of Denver"	"Yes"	2974	2001	580	29	60	2666	554	15192	4695	400	1350	84	91	15.9	21	11762	67	3220
"University of Detroit Mercy"	"Yes"	927	731	415	24	50	2149	2217	11130	3996	600	2166	72	79	13.5	14	10891	51	4366
"University of Evansville"	"Yes"	2096	1626	694	35	67	2551	407	11800	4340	700	960	60	81	15.8	26	7780	77	2958
"University of Florida"	"No"	12445	8836	3623	54	85	24470	3286	7090	4180	630	1530	88	97	13.4	20	14737	66	27756
"University of Georgia"	"No"	11220	7871	3320	43	79	19553	2748	5697	3600	525	1755	88	95	14.7	22	7881	63	22301
"University of Hartford"	"Yes"	5081	4040	1194	11	26	3768	1415	14220	6000	500	1440	61	76	10.7	9	10625	66	5183
"University of Hawaii at Manoa"	"No"	3580	2603	1627	36	69	11028	2411	4460	3038	687	1281	85	87	11.8	6	12833	54	13439
"University of Illinois - Urbana"	"No"	14939	11652	5705	52	88	25422	911	7560	4574	500	1982	87	90	17.4	13	8559	81	26333
"University of Illinois at Chicago"	"No"	8384	5727	2710	22	50	13518	2916	7230	5088	630	3228	82	84	10	6	13883	34	16434
"University of Indianapolis"	"Yes"	1487	1276	388	26	51	1417	1646	11120	4080	525	1405	55	56	11.1	23	6735	69	3063
"University of Kansas"	"No"	8579	5561	3681	25	50	17880	1673	6994	3384	700	2681	88	94	13.7	17	9657	57	19553
"University of La Verne"	"Yes"	1597	969	226	16	38	1431	1522	13540	5050	630	2298	66	68	14.1	23	10139	47	2953
"University of Louisville"	"No"	4777	3057	1823	16	33	9844	6198	6540	3600	530	2440	84	92	11.1	24	10207	31	16042
"University of Maine at Farmington"	"No"	1208	803	438	20	48	1906	344	6810	3970	450	1647	67	75	15.9	26	5712	59	2250
"University of Maryland at Baltimore County"	"No"	4269	2594	985	27	57	6476	2592	8594	4408	494	2768	82	88	18.4	6	7618	55	9068
"University of Maryland at College Park"	"No"	14292	10315	3409	22	53	19340	3991	8723	5146	550	1550	89	92	18.1	12	9021	63	23331
"University of Massachusetts at Amherst"	"No"	14438	12414	3816	12	39	16282	1940	8566	3897	500	1400	88	92	16.7	15	10276	68	18222
"University of Massachusetts at Dartmouth"	"No"	3347	2597	1006	10	37	4664	1630	6919	4500	500	1250	74	90	15	20	7462	56	6294
"University of Miami"	"Yes"	7122	5386	1643	42	69	7760	876	16500	6526	630	1985	82	94	5.9	17	17500	59	8636
"University of Michigan at Ann Arbor"	"No"	19152	12940	4893	66	92	22045	1339	15732	4659	476	1600	90	98	11.5	26	14847	87	23384
"University of Minnesota at Duluth"	"No"	4192	3126	1656	15	45	5887	1254	8828	3474	753	2610	79	91	19	11	6393	53	7141
"University of Minnesota Twin Cities"	"No"	11054	6397	3524	26	55	16502	21836	8949	3744	714	2910	88	90	12.2	37	16122	45	38338
"University of Mississippi"	"No"	3844	3383	1669	26	47	7524	804	4916	3810	600	550	81	86	20.3	14	6971	53	8328
"University of Missouri at Columbia"	"No"	6574	4637	2940	32	62	14782	1583	9057	3485	600	1983	87	87	12.7	15	10145	58	16365
"University of Missouri at Rolla"	"No"	1877	1826	823	49	77	3926	561	9057	3600	700	1435	88	88	14.4	23	9699	49	4487
"University of Missouri at Saint Louis"	"No"	1618	1141	479	18	54	4793	4552	7246	3964	500	4288	71	73	13.4	15	6433	48	9345
"University of Montevallo"	"No"	1351	892	570	18	78	2385	331	4440	3030	300	600	72	72	18.9	8	5883	51	2716
"University of Nebraska at Lincoln"	"No"	6277	6003	3526	33	63	16454	3171	5595	3145	500	2070	86	92	15.1	48	6813	53	19625
"University of New Hampshire"	"No"	9750	7640	2529	24	62	10358	1338	11180	3862	650	2450	89	87	17.5	16	7855	75	11696
"University of North Carolina at Asheville"	"No"	1757	979	394	32	74	2033	1078	5972	3420	600	750	77	83	13	11	7011	37	3111
"University of North Carolina at Chapel Hill"	"No"	14596	5985	3331	75	92	14609	1100	8400	4200	550	1200	88	93	8.9	23	15893	83	15709
"University of North Carolina at Charlotte"	"No"	5803	4441	1730	19	62	10099	3255	7248	3109	600	1900	79	91	16.8	7	6227	62	13354
"University of North Carolina at Greensboro"	"No"	5191	4134	1500	15	44	7532	1847	8677	3505	600	1300	75	94	15.5	17	7392	53	9379
"University of North Carolina at Wilmington"	"No"	6071	3856	1449	15	67	6635	1145	7558	3680	500	1500	82	85	19.1	15	6005	55	7780
"University of North Dakota"	"No"	2777	2249	1652	20	54	8334	1435	5634	2703	450	1200	97	97	15.9	16	9424	49	9769
"University of North Florida"	"No"	1800	1253	560	44	85	3876	3588	6634	4360	600	2604	82	85	17.8	14	6104	47	7464
"University of North Texas"	"No"	4418	2737	2049	23	51	14047	5134	4104	3579	450	1700	86	94	22.6	6	5657	35	19181
"University of Northern Colorado"	"No"	5530	4007	1697	12	37	8463	1498	7731	4128	540	2286	75	75	21.5	8	6309	40	9961
"University of Northern Iowa"	"No"	4144	3379	1853	18	52	10135	1448	6197	2930	595	2380	78	82	16.3	26	6333	77	11583
"University of Notre Dame"	"Yes"	7700	3700	1906	79	96	7671	30	16850	4400	600	1350	96	92	13.1	46	13936	97	7701
"University of Oklahoma"	"No"	4743	3970	2233	32	63	13436	2582	5173	3526	765	3176	86	90	11.5	11	10244	44	16018
"University of Oregon"	"No"	8631	6732	2546	25	61	11669	1605	10602	3660	570	1530	79	87	19.7	13	8020	54	13274
"University of Pennsylvania"	"Yes"	12394	5232	2464	85	100	9205	531	17020	7270	500	1544	95	96	6.3	38	25765	93	9736
"University of Pittsburgh-Main Campus"	"No"	8586	6383	2503	25	59	13138	4289	10786	4560	400	900	93	93	7.8	10	13789	66	17427
"University of Portland"	"Yes"	1758	1485	419	27	58	2041	174	12040	4100	600	1100	92	96	13.2	17	9060	72	2215
"University of Puget Sound"	"Yes"	4044	2826	688	51	83	2738	138	16230	4500	630	1800	79	86	15	17	11217	63	2876
"University of Rhode Island"	"No"	9643	7751	1968	12	40	8894	2456	10330	5558	500	1250	84	89	16.6	7	9158	63	11350
"University of Richmond"	"Yes"	5892	2718	756	46	72	2854	594	14500	3285	700	1125	75	89	11.7	32	11984	100	3448
"University of Rochester"	"Yes"	8766	5498	1243	56	75	5071	438	17840	6582	500	882	93	99	5.9	23	26037	80	5509
"University of San Diego"	"Yes"	3934	2735	886	40	70	3698	217	13600	5940	630	1820	93	96	15.6	13	10813	66	3915
"University of San Francisco"	"Yes"	2306	1721	538	23	48	4309	549	13226	6452	750	2450	86	86	13.6	8	10074	62	4858
"University of Scranton"	"Yes"	4471	2942	910	29	60	3674	493	11584	5986	650	800	83	83	14.1	41	9131	92	4167
"University of South Carolina at Aiken"	"No"	848	560	377	14	24	1855	1412	5800	3066	500	1500	62	62	14.8	3	5035	48	3267
"University of South Carolina at Columbia"	"No"	7693	5815	2328	30	66	12594	3661	8074	3522	495	2941	84	88	16.9	18	8246	63	16255
"University of South Florida"	"No"	7589	4676	1876	29	63	14770	10962	6760	3776	500	2180	84	89	17	7	11020	47	25732
"University of Southern California"	"Yes"	12229	8498	2477	45	71	13259	1429	17230	6482	600	2210	90	94	11.4	10	17007	68	14688
"University of Southern Colorado"	"No"	1401	1239	605	10	34	3716	675	7100	4380	540	2948	63	88	19.4	0	5389	36	4391
"University of Southern Indiana"	"No"	2379	2133	1292	8	25	4283	2973	4973	3192	500	1425	56	65	22	21	4078	38	7256
"University of Southern Mississippi"	"No"	2850	2044	1046	20	50	9260	1387	4652	2470	500	500	78	99	18.7	23	5917	45	10647
"University of St. Thomas MN"	"Yes"	2057	1807	828	26	53	4106	982	11712	4037	500	800	80	80	13.8	13	8546	89	5088
"University of Tennessee at Knoxville"	"No"	7473	5372	3013	27	53	15749	3237	5764	3262	750	3300	86	92	16.5	22	8612	53	18986
"University of Texas at Arlington"	"No"	3281	2559	1448	19	43	10975	8431	4422	2780	500	2850	73	73	21	4	4696	29	19406
"University of Texas at Austin"	"No"	14752	9572	5329	48	85	30017	5189	5130	3309	650	3140	91	99	19.7	11	7837	65	35206
"University of Texas at San Antonio"	"No"	4217	3100	1686	17	46	9375	5457	4104	5376	452	1200	94	100	25.3	3	4329	50	14832
"University of the Pacific"	"Yes"	2459	1997	582	36	66	2664	299	16320	5326	646	1171	87	94	11.2	14	13706	65	2963
"University of Tulsa"	"Yes"	1712	1557	696	41	68	2936	433	11750	4160	1200	2350	94	96	11.5	10	11743	47	3369
"University of Utah"	"No"	5095	4491	2400	27	53	13894	8374	6857	3975	858	3093	89	93	12.8	9	9275	37	22268
"University of Vermont"	"No"	7663	6008	1735	18	51	7353	1674	15516	4928	500	990	87	90	9.9	10	12646	79	9027
"University of Virginia"	"No"	15849	5384	2678	74	95	11278	114	12212	3792	500	1000	90	92	9.5	22	13597	95	11392
"University of Washington"	"No"	12749	7025	3343	40	81	20356	4582	8199	4218	708	2172	96	94	9	10	16527	65	24938
"University of West Florida"	"No"	1558	1254	472	20	57	3754	2477	6172	3994	541	1387	83	87	23.4	12	8488	53	6231
"University of Wisconsin-Stout"	"No"	2593	1966	1030	9	32	6038	579	6704	2592	376	1750	78	78	21	17	6254	65	6617
"University of Wisconsin-Whitewater"	"No"	4400	3719	1472	12	38	7804	1552	6950	2500	300	1200	90	95	23.1	16	5559	67	9356
"University of Wisconsin at Green Bay"	"No"	2409	1939	759	17	50	3819	1347	6900	2800	475	1200	81	89	22.2	1	5968	46	5166
"University of Wisconsin at Madison"	"No"	14901	10932	4631	36	80	23945	2200	9096	4290	535	1545	93	96	11.5	20	11006	72	26145
"University of Wisconsin at Milwaukee"	"No"	5244	3782	1930	12	37	11561	7443	8786	2964	570	1980	79	87	15.9	8	8094	38	19004
"University of Wyoming"	"No"	2029	1516	1073	23	46	7535	1488	5988	3422	600	1500	91	94	15.1	13	8745	45	9023
"Upper Iowa University"	"Yes"	663	452	192	10	35	1481	1160	8840	3060	500	1000	69	75	17.4	19	3733	78	2641
"Valparaiso University"	"Yes"	2075	1727	520	49	81	2501	198	11800	3260	500	800	87	89	14.2	23	9681	95	2699
"Vanderbilt University"	"Yes"	7791	4690	1499	71	92	5500	90	17865	6525	630	952	93	98	5.8	26	23850	83	5590
"Vassar College"	"Yes"	3550	1877	653	53	87	2164	77	18920	5950	600	800	90	98	9.7	39	17089	90	2241
"Villanova University"	"Yes"	7759	5588	1477	30	68	6362	1292	15925	6507	400	300	89	90	13.4	24	10458	96	7654
"Virginia Commonwealth University"	"No"	4963	3497	1567	18	45	10262	5065	10217	4182	500	3630	81	87	8.7	11	11183	45	15327
"Virginia State University"	"No"	2996	2440	704	2	30	3006	338	5587	4845	500	600	61	63	16	11	5733	31	3344
"Virginia Tech"	"No"	15712	11719	4277	29	53	18511	604	10260	3176	740	2200	85	89	13.8	20	8944	73	19115
"Wake Forest University"	"Yes"	5661	2392	903	75	88	3499	172	13850	4360	500	1250	95	97	4.3	37	41766	89	3671
"Washington State University"	"No"	6540	5839	2440	31	70	14445	1344	8200	4210	800	2719	84	87	16.9	30	10912	56	15789
"Washington University"	"Yes"	7654	5259	1254	62	93	4879	1274	18350	5775	768	1512	91	98	3.9	31	45702	90	6153
"Wayne State College"	"No"	1373	1373	724	6	21	2754	474	2700	2660	540	1660	60	68	20.3	29	4550	52	3228
"Webster University"	"Yes"	665	462	226	17	44	1739	1550	9160	4340	500	500	68	68	20.6	14	6951	48	3289
"Wellesley College"	"Yes"	2895	1249	579	80	96	2195	156	18345	5995	500	700	94	98	10.6	51	21409	91	2351
"Wentworth Institute of Technology"	"Yes"	1480	1257	452	6	25	2961	572	9850	6050	850	920	10	68	15.4	8	17858	64	3533
"Wesleyan University"	"Yes"	4772	1973	712	60	86	2714	27	19130	5600	1400	1400	90	94	12.1	39	16262	92	2741
"West Chester University of Penn."	"No"	6502	3539	1372	11	51	7484	1904	7844	4108	400	2000	76	79	15.3	16	6773	52	9388
"West Liberty State College"	"No"	1164	1062	478	12	25	2138	227	4470	2890	600	1210	33	33	16.3	10	4249	60	2365
"Western Carolina University"	"No"	3224	2519	1057	11	31	5000	706	6390	2380	110	1622	67	78	14.6	9	6554	55	5706
"Western Michigan University"	"No"	9167	7191	2738	24	53	15739	4278	6940	4100	500	1700	80	84	24.7	11	5983	55	20017
"Western New England College"	"Yes"	1650	1471	409	7	21	1803	1116	8994	5500	498	2065	74	97	15.4	15	8409	59	2919
"Western State College of Colorado"	"No"	2702	1623	604	7	24	2315	146	5918	3755	500	2050	76	79	19.4	4	4599	52	2461
"Western Washington University"	"No"	5548	3563	1549	30	71	8909	506	8124	4144	639	2385	83	89	22.7	10	7203	61	9415
"Westfield State College"	"No"	3100	2150	825	3	20	3234	941	5542	3788	500	1300	75	79	15.7	20	4222	65	4175
"Wheaton College IL"	"Yes"	1432	920	548	56	84	2200	56	11480	4200	530	1400	81	83	12.7	40	11916	85	2256
"Widener University"	"Yes"	2139	1492	502	24	64	2186	2171	12350	5370	500	1350	88	86	12.6	19	9603	63	4357
"Wilkes University"	"Yes"	1631	1431	434	15	36	1803	603	11150	5130	550	1260	78	92	13.3	24	8543	67	2406
"Winona State University"	"No"	3325	2047	1301	20	45	5800	872	4200	2700	300	1200	53	60	20.2	18	5318	58	6672
"Winthrop University"	"No"	2320	1805	769	24	61	3395	670	6400	3392	580	2150	71	80	12.8	26	6729	59	4065
"Wittenberg University"	"Yes"	1979	1739	575	42	68	1980	144	15948	4404	400	800	82	95	12.8	29	10414	78	2124
"Worcester Polytechnic Institute"	"Yes"	2768	2314	682	49	86	2802	86	15884	5370	530	730	92	94	15.2	34	10774	82	2888
"Worcester State College"	"No"	2197	1515	543	4	26	3089	2029	6797	3900	500	1200	60	60	21	14	4469	40	5118
"Xavier University"	"Yes"	1959	1805	695	24	47	2849	1107	11520	4960	600	1250	73	75	13.3	31	9189	83	3956
"Xavier University of Louisiana"	"Yes"	2097	1915	695	34	61	2793	166	6900	4200	617	781	67	75	14.4	20	8323	49	2959
"Yale University"	"Yes"	10705	2453	1317	95	99	5217	83	19840	6510	630	2115	96	96	5.8	49	40386	99	5300
"York College of Pennsylvania"	"Yes"	2989	1855	691	28	63	2988	1726	4990	3560	500	1250	75	75	18.1	28	4509	99	4714
