""	"Private"	"Apps"	"Accept"	"Enroll"	"Top10perc"	"Top25perc"	"F.Undergrad"	"P.Undergrad"	"Outstate"	"Room.Board"	"Books"	"Personal"	"PhD"	"Terminal"	"S.F.Ratio"	"perc.alumni"	"Expend"	"Grad.Rate"	"total_undergrads"
"Adrian College"	"Yes"	1428	1097	336	22	50	1036	99	11250	3750	400	1165	53	66	12.9	30	8735	54	1135
"Agnes Scott College"	"Yes"	417	349	137	60	89	510	63	12960	5450	450	875	92	97	7.7	37	19016	59	573
"Alaska Pacific University"	"Yes"	193	146	55	16	44	249	869	7560	4120	800	1500	76	72	11.9	2	10922	15	1118
"Albertson College"	"Yes"	587	479	158	38	62	678	41	13500	3335	500	675	67	73	9.4	11	9727	55	719
"Albertus Magnus College"	"Yes"	353	340	103	17	45	416	230	13290	5720	500	1500	90	93	11.5	26	8861	63	646
"Albion College"	"Yes"	1899	1720	489	37	68	1594	32	13868	4826	450	850	89	100	13.7	37	11487	73	1626
"Albright College"	"Yes"	1038	839	227	30	63	973	306	15595	4400	300	500	79	84	11.3	23	11644	80	1279
"Alderson-Broaddus College"	"Yes"	582	498	172	21	44	799	78	10468	3380	660	1800	40	41	11.5	15	8991	52	877
"Alfred University"	"Yes"	1732	1425	472	37	75	1830	110	16548	5406	500	600	82	88	11.3	31	10932	73	1940
"Allegheny College"	"Yes"	2652	1900	484	44	77	1707	44	17080	4440	400	600	73	91	9.9	41	11711	76	1751
"Allentown Coll. of St. Francis de Sales"	"Yes"	1179	780	290	38	64	1130	638	9690	4785	600	1000	60	84	13.3	21	7940	74	1768
"Alma College"	"Yes"	1267	1080	385	44	73	1306	28	12572	4552	400	400	79	87	15.3	32	9305	68	1334
"American International College"	"Yes"	1420	1093	220	9	22	1018	287	8700	4780	450	1400	78	84	14.7	19	7355	69	1305
"Amherst College"	"Yes"	4302	992	418	83	96	1593	5	19760	5300	660	1598	93	98	8.4	63	21424	100	1598
"Andrews University"	"Yes"	1130	704	322	14	23	1586	326	9996	3090	900	1320	62	66	11.5	18	10908	46	1912
"Antioch University"	"Yes"	713	661	252	25	44	712	23	15476	3336	400	1100	69	82	11.3	35	42926	48	735
"Aquinas College"	"Yes"	619	516	219	20	51	1251	767	11208	4124	350	1615	55	65	12.7	25	6584	65	2018
"Arkansas College (Lyon College)"	"Yes"	708	334	166	46	74	530	182	8644	3922	500	800	79	88	12.6	24	14579	54	712
"Augustana College"	"Yes"	761	725	306	21	58	1337	300	10990	3244	600	1021	66	70	10.4	30	6871	69	1637
"Augustana College IL"	"Yes"	1879	1658	497	36	69	1950	38	13353	4173	540	821	78	83	12.7	40	9220	71	1988
"Austin College"	"Yes"	948	798	295	42	74	1120	15	11280	4342	400	1150	81	95	13	33	11361	71	1135
"Averett College"	"Yes"	627	556	172	16	40	777	538	9925	4135	750	1350	59	67	22.4	11	6523	48	1315
"Baker University"	"Yes"	602	483	206	21	47	958	466	8620	4100	400	2250	58	68	11	21	6136	65	1424
"Barat College"	"Yes"	261	192	111	15	36	453	266	9690	4300	500	500	57	77	9.7	35	9337	71	719
"Bard College"	"Yes"	1910	838	285	50	85	1004	15	19264	6206	750	750	98	98	10.4	30	13894	79	1019
"Beaver College"	"Yes"	1163	850	348	23	56	878	519	12850	5400	400	800	78	89	12.2	30	8954	73	1397
"Bellarmine College"	"Yes"	807	707	308	39	63	1198	605	8840	2950	750	1290	74	82	13.1	31	6668	84	1803
"Belmont Abbey College"	"Yes"	632	494	129	17	36	709	131	9000	4850	300	2480	78	85	13.2	10	7550	52	840
"Beloit College"	"Yes"	1320	923	284	26	54	1085	81	16304	3616	355	715	87	95	11.1	26	12957	69	1166
"Benedictine College"	"Yes"	632	620	222	14	24	702	501	9550	3850	350	250	64	84	14.1	18	5922	58	1203
"Bennington College"	"Yes"	519	327	114	25	53	457	2	21700	4100	600	500	35	59	10.1	33	16364	55	459
"Berry College"	"Yes"	1858	1221	480	37	68	1620	49	8050	3940	350	2375	80	80	16.3	17	10511	63	1669
"Bethany College"	"Yes"	878	816	200	16	41	706	62	8740	3363	550	1700	62	68	11.6	29	7718	48	768
"Bethel College"	"Yes"	502	384	104	11	28	347	74	6200	2900	600	800	63	63	11.7	13	7623	35	421
"Bethel College KS"	"Yes"	202	184	122	19	42	537	101	8540	3580	500	1400	61	80	8.8	32	8324	56	638
"Birmingham-Southern College"	"Yes"	805	588	287	67	88	1376	207	11660	4325	400	900	74	79	14	34	8649	72	1583
"Blackburn College"	"Yes"	500	336	156	25	55	421	27	6500	2700	500	1000	76	76	14.3	53	8377	51	448
"Bluefield College"	"Yes"	377	358	181	15	30	653	129	7150	4350	450	1500	61	67	17.8	3	6259	53	782
"Bluffton College"	"Yes"	692	514	209	20	50	760	81	9900	3990	400	900	76	71	13.3	19	9073	58	841
"Bowdoin College"	"Yes"	3356	1019	418	76	100	1490	8	19030	5885	1495	875	93	96	11.2	52	20447	96	1498
"Bradford College"	"Yes"	443	330	151	5	36	453	42	14080	6270	500	900	57	80	10.2	21	15387	46	495
"Brenau University"	"Yes"	367	274	158	12	41	917	479	9592	5879	500	700	71	80	13.7	12	5935	49	1396
"Briar Cliff College"	"Yes"	392	351	155	16	44	738	430	10260	3597	600	1500	39	66	13.1	26	8355	58	1168
"Bridgewater College"	"Yes"	838	673	292	22	53	881	55	10265	4725	560	875	68	73	13.2	24	8655	82	936
"Bryn Mawr College"	"Yes"	1465	810	313	71	95	1088	16	18165	6750	500	1200	100	100	12.3	49	17449	89	1104
"Cabrini College"	"Yes"	599	494	224	8	28	1035	446	10518	6250	300	300	59	76	16.5	36	7117	71	1481
"Caldwell College"	"Yes"	1011	604	213	17	42	693	868	8900	4600	425	1000	87	96	13.9	25	7922	55	1561
"California Lutheran University"	"Yes"	563	247	247	23	52	1427	432	12950	5300	612	576	72	74	12.4	17	8985	60	1859
"Campbellsville College"	"Yes"	848	587	298	25	55	935	184	6060	3070	600	1300	62	66	17.7	13	5391	49	1119
"Capitol College"	"Yes"	100	90	35	10	52	282	331	8400	2812	300	2134	10	50	12.1	24	7976	52	613
"Carleton College"	"Yes"	2694	1579	489	75	93	1870	12	19292	3957	550	550	81	93	10.4	60	17960	91	1882
"Carroll College"	"Yes"	1160	991	352	19	55	1357	737	12200	3880	480	930	74	81	17.8	25	7666	79	2094
"Carson-Newman College"	"Yes"	1096	951	464	27	62	1776	239	8150	3150	400	500	61	62	13.6	16	6716	67	2015
"Carthage College"	"Yes"	1616	1427	434	20	43	1405	580	13125	3775	500	1300	74	89	15.9	22	7364	62	1985
"Castleton State College"	"No"	1257	940	363	9	22	1547	294	7656	4690	400	700	89	91	14.7	8	6318	79	1841
"Catawba College"	"Yes"	1083	880	291	13	34	915	80	9270	4100	600	1860	75	82	13.5	27	8425	55	995
"Cazenovia College"	"Yes"	3847	3433	527	9	35	1010	12	9384	4840	600	500	22	47	14.3	20	7697	118	1022
"Cedar Crest College"	"Yes"	776	607	198	25	58	791	764	14340	5285	500	1000	58	83	11.7	39	10961	74	1555
"Centenary College"	"Yes"	369	312	90	12	46	396	526	11400	5400	500	760	41	85	9.5	20	9583	24	922
"Centenary College of Louisiana"	"Yes"	495	434	210	35	55	775	44	8950	3490	600	1900	86	92	11.3	25	9685	66	819
"Center for Creative Studies"	"Yes"	601	396	203	1	20	525	323	11230	6643	2340	620	8	58	6.8	4	13025	47	848
"Central College"	"Yes"	1283	1113	401	31	65	1355	40	10938	3660	650	600	76	90	13.5	29	8444	67	1395
"Central Wesleyan College"	"Yes"	174	146	88	8	29	1047	33	8300	3080	600	600	62	62	15.2	18	3365	58	1080
"Centre College"	"Yes"	1013	888	288	55	82	943	7	11850	4270	600	900	95	99	11.4	60	13118	74	950
"Chapman University"	"Yes"	959	771	351	23	48	1662	209	16624	5895	600	1100	72	80	12.8	6	12692	47	1871
"Chatham College"	"Yes"	212	197	91	28	56	471	148	13500	5230	400	850	95	98	9.3	37	16095	52	619
"Chestnut Hill College"	"Yes"	342	254	126	25	64	518	232	10335	5015	700	850	71	71	8.3	29	7729	73	750
"Christendom College"	"Yes"	81	72	51	33	71	139	3	8730	3600	400	800	92	92	9.3	17	10922	58	142
"Christian Brothers University"	"Yes"	880	520	224	16	42	1068	364	9300	3260	600	900	81	81	11.1	24	8129	63	1432
"Claflin College"	"Yes"	1196	697	499	21	47	959	13	4412	2460	500	1000	69	69	16.9	31	7083	21	972
"Claremont McKenna College"	"Yes"	1860	767	227	71	93	887	1	17000	6010	500	850	99	99	9.6	52	18443	87	888
"Clarke College"	"Yes"	460	340	167	14	45	604	350	10740	3676	350	900	67	71	11	27	7963	74	954
"Clinch Valley Coll. of  the Univ. of Virginia"	"No"	689	561	250	15	30	1125	422	7168	3689	600	1900	67	67	18.1	9	4417	46	1547
"Coe College"	"Yes"	1006	742	275	29	60	1127	205	13925	4390	500	2200	73	86	12.7	32	10141	67	1332
"Coker College"	"Yes"	604	452	295	15	47	690	222	9888	4502	400	1000	64	77	12.1	39	8741	75	912
"Colby College"	"Yes"	2848	1319	456	58	84	1720	35	18930	5590	500	1000	83	94	10.2	41	15954	91	1755
"College Misericordia"	"Yes"	1432	888	317	29	58	1121	493	10860	5760	550	900	56	62	12.9	23	8604	96	1614
"College of Mount St. Vincent"	"Yes"	946	648	177	23	46	707	432	11790	5770	500	1000	75	77	11.9	35	10015	83	1139
"College of Notre Dame"	"Yes"	344	264	97	11	42	500	331	12600	5520	630	2250	77	80	10.4	7	9773	43	831
"College of Saint Benedict"	"Yes"	938	864	511	29	62	1715	103	12247	4221	500	600	70	88	13.1	26	8847	72	1818
"College of Saint Elizabeth"	"Yes"	444	359	122	34	53	493	968	10900	5250	380	1000	68	70	11.4	23	9447	78	1461
"College of Santa Fe"	"Yes"	546	447	189	16	42	873	683	11138	4138	600	1200	40	74	14	7	8820	80	1556
"College of St. Joseph"	"Yes"	141	118	55	12	21	201	173	8300	4850	450	1300	53	53	9.5	19	6936	76	374
"College of St. Scholastica"	"Yes"	672	596	278	29	60	1350	275	11844	3696	450	1146	54	76	11.6	33	8996	72	1625
"College of Wooster"	"Yes"	2100	1883	553	29	65	1704	1	16240	4690	500	500	84	96	11.1	43	14140	69	1705
"Colorado College"	"Yes"	3207	1577	490	56	87	1892	7	17142	4190	450	1200	85	97	11.3	51	14664	84	1899
"Columbia College"	"Yes"	737	614	242	21	67	968	237	10425	3975	500	1500	61	77	14.7	34	8693	76	1205
"Concordia College at St. Paul"	"Yes"	281	266	139	13	29	1049	181	10500	3750	450	950	69	75	12.8	18	6955	45	1230
"Concordia Lutheran College"	"Yes"	232	216	106	16	34	534	172	6900	3800	450	1825	67	76	12.1	9	6875	42	706
"Concordia University"	"Yes"	528	403	186	22	56	1168	145	9216	4191	400	1000	56	64	12.1	13	7309	75	1313
"Concordia University CA"	"Yes"	688	497	144	30	75	641	101	10800	4440	570	1515	55	60	13.1	13	8415	55	742
"Connecticut College"	"Yes"	3035	1546	438	42	93	1630	232	18740	6300	600	500	86	95	10.7	40	14773	91	1862
"Converse College"	"Yes"	440	407	149	35	70	643	80	12050	3700	500	900	63	76	10.2	31	10965	75	723
"Cornell College"	"Yes"	1538	1329	383	33	68	1140	10	15248	4323	550	800	71	76	12.2	31	10340	64	1150
"Culver-Stockton College"	"Yes"	1576	1110	274	24	55	992	112	8000	3700	400	500	51	52	14.1	28	5807	51	1104
"Cumberland College"	"Yes"	995	789	398	26	47	1306	122	6230	3526	400	600	42	44	13	4	8189	63	1428
"D'Youville College"	"Yes"	866	619	157	18	47	1074	336	8920	4310	680	1320	68	68	14.6	42	6898	46	1410
"Dana College"	"Yes"	504	482	185	10	36	550	84	9130	3322	450	1450	46	51	12.6	25	8686	54	634
"Daniel Webster College"	"Yes"	585	508	153	12	30	460	536	12292	4934	500	500	61	61	22.2	10	8643	72	996
"Davidson College"	"Yes"	2373	956	452	77	96	1601	6	17295	5070	600	1011	95	97	12	46	17581	94	1607
"Defiance College"	"Yes"	571	461	174	10	26	645	283	10850	3670	400	1159	58	60	12.8	19	7505	56	928
"Denison University"	"Yes"	2762	2279	533	32	60	1835	14	16900	4720	500	600	88	97	11.6	45	12423	81	1849
"DePauw University"	"Yes"	1994	1656	495	50	80	1983	36	14300	5020	550	950	78	94	11.1	31	11525	82	2019
"Dickinson College"	"Yes"	3014	2539	487	31	68	1889	62	18700	5000	595	1250	87	94	11.2	39	13861	87	1951
"Dickinson State University"	"No"	434	412	319	10	30	1376	237	4486	2146	600	2000	50	64	16.5	28	4525	46	1613
"Dillard University"	"Yes"	1998	1376	651	41	88	1539	45	6700	3650	500	2307	52	52	14.1	12	7566	61	1584
"Doane College"	"Yes"	793	709	244	20	47	1022	411	9570	3000	400	1000	67	72	15.1	42	6852	60	1433
"Dominican College of Blauvelt"	"Yes"	360	329	108	4	19	756	863	8310	5500	600	1800	43	43	12.7	5	5480	54	1619
"Dordt College"	"Yes"	604	562	328	25	50	1048	56	9800	2650	450	2800	61	60	12.5	17	7325	87	1104
"Drew University"	"Yes"	2153	1580	321	56	84	1192	87	18432	5616	520	660	93	97	10.2	28	14907	83	1279
"Drury College"	"Yes"	700	650	314	33	66	1065	48	8730	3523	500	750	82	92	13.2	35	9303	67	1113
"Earlham College"	"Yes"	1358	1006	274	35	63	1028	13	15036	4056	600	600	90	94	10.6	46	14634	78	1041
"East Texas Baptist University"	"Yes"	379	341	265	10	36	1050	151	4950	2780	530	1500	62	62	15.7	7	5619	38	1201
"Eastern College"	"Yes"	458	369	165	16	42	1057	355	11190	4800	450	1230	60	60	13.6	22	8135	54	1412
"Eastern Mennonite College"	"Yes"	486	440	227	19	48	903	59	9650	3800	600	1300	46	65	11.4	29	10188	82	962
"Eastern Nazarene College"	"Yes"	516	409	200	17	40	1238	30	8770	3500	450	700	58	58	17.3	17	6430	70	1268
"Eckerd College"	"Yes"	1422	1109	366	33	65	1363	23	15360	4080	600	1000	82	89	12.8	26	15003	59	1386
"Elizabethtown College"	"Yes"	2417	1843	426	36	70	1476	299	14190	4400	500	750	65	68	12.8	25	9815	81	1775
"Elmira College"	"Yes"	1457	1045	345	27	50	1109	502	14990	4980	450	550	77	98	21.5	21	7502	64	1611
"Elms College"	"Yes"	245	208	125	23	46	544	436	11800	4765	450	1700	71	71	11.3	21	8952	86	980
"Emory & Henry College"	"Yes"	765	646	226	30	60	809	32	8578	4408	700	1600	79	88	13.9	51	8061	82	841
"Erskine College"	"Yes"	659	557	167	47	74	532	35	10485	3840	475	1246	76	80	13.5	47	7527	67	567
"Eureka College"	"Yes"	560	454	113	36	56	484	16	10955	3450	330	670	62	87	10.6	31	9552	53	500
"Ferrum College"	"Yes"	1339	1107	336	12	36	1051	82	9400	4200	500	1600	53	58	12.5	9	7967	22	1133
"Flagler College"	"Yes"	1415	714	338	18	52	1345	44	5120	3200	500	2140	52	60	18.1	9	3930	69	1389
"Florida Institute of Technology"	"Yes"	1947	1580	523	39	74	1863	233	13900	4140	750	1500	90	90	10.6	7	8923	57	2096
"Fontbonne College"	"Yes"	291	245	126	16	49	981	337	8390	4100	350	1500	45	55	21.5	24	4607	62	1318
"Franciscan University of Steubenville"	"Yes"	553	452	228	22	49	1301	242	9650	4400	600	1000	57	69	14.9	8	6336	83	1543
"Franklin College"	"Yes"	804	632	281	29	72	840	68	10390	4040	525	1345	54	78	12.5	37	11751	60	908
"Freed-Hardeman University"	"Yes"	895	548	314	20	54	1174	50	5500	3340	600	1600	68	76	16.1	13	6078	62	1224
"Fresno Pacific College"	"Yes"	346	274	146	51	87	704	63	9900	3670	630	1818	59	59	10.5	14	8095	54	767
"Gardner Webb University"	"Yes"	1110	930	332	18	36	1603	374	8180	4270	500	500	65	58	15.2	12	5664	29	1977
"Geneva College"	"Yes"	668	534	237	19	39	1306	258	9476	4820	500	1100	67	67	20.1	26	6786	74	1564
"George Fox College"	"Yes"	809	726	294	27	52	1271	43	12500	4130	400	1050	53	53	13.5	22	7136	52	1314
"Georgetown College"	"Yes"	727	693	286	30	55	1063	48	8100	3950	550	550	73	76	13.3	28	7508	55	1111
"Georgian Court College"	"Yes"	348	281	127	12	52	1095	785	9150	3950	500	800	56	59	12.2	27	7348	76	1880
"Gettysburg College"	"Yes"	3596	2466	575	42	78	1944	46	19964	4328	500	500	94	95	12.1	32	14720	83	1990
"Goldey Beacom College"	"Yes"	633	468	284	10	27	823	963	6120	2985	531	1830	25	25	27.6	4	6081	36	1786
"Gordon College"	"Yes"	674	565	282	25	54	1151	39	12200	4070	400	1200	73	82	14.2	32	9226	66	1190
"Goshen College"	"Yes"	440	396	221	26	51	910	166	9420	3730	600	1230	51	56	9.9	46	10270	72	1076
"Goucher College"	"Yes"	1151	813	248	40	64	850	80	15588	6174	500	1200	78	90	9.2	34	16623	77	930
"Grace College and Seminary"	"Yes"	548	428	167	18	46	618	113	8958	3670	300	1000	53	59	15.3	26	9798	64	731
"Green Mountain College"	"Yes"	780	628	198	7	20	545	42	11750	2700	400	850	77	83	14	24	6475	76	587
"Greensboro College"	"Yes"	608	494	176	10	31	649	314	8330	3770	550	1300	64	80	13	31	7949	39	963
"Greenville College"	"Yes"	510	387	194	20	46	771	53	10310	4530	400	800	57	61	14.3	16	8222	60	824
"Grinnell College"	"Yes"	2039	1389	432	56	91	1333	30	15688	4618	400	400	88	92	9.5	54	18979	83	1363
"Guilford College"	"Yes"	1202	1054	326	18	44	1410	299	13404	5160	450	1050	78	86	15.6	30	9114	65	1709
"Gwynedd Mercy College"	"Yes"	380	237	104	30	56	716	1108	11000	5550	500	500	36	41	7.8	22	7483	96	1824
"Hamilton College"	"Yes"	3140	1783	454	40	82	1646	24	19700	5050	300	800	91	96	9.6	60	17761	91	1670
"Hamline University"	"Yes"	1006	825	328	34	73	1362	102	13252	4194	450	550	89	93	13	33	10296	65	1464
"Hampden - Sydney College"	"Yes"	817	644	307	20	40	945	1	13218	4773	660	600	95	97	13.3	53	12263	69	946
"Hanover College"	"Yes"	1006	837	317	33	65	1024	15	8200	3485	500	1200	84	84	10.6	26	9248	64	1039
"Hardin-Simmons University"	"Yes"	467	424	350	16	40	1365	334	6300	2980	700	2140	75	79	13.7	10	7054	38	1699
"Hartwick College"	"Yes"	2083	1725	430	22	49	1464	67	17480	4780	500	700	75	87	12.3	32	11625	73	1531
"Harvey Mudd College"	"Yes"	1377	572	178	95	100	654	5	17230	6690	700	900	100	100	8.2	46	21569	100	659
"Hastings College"	"Yes"	817	708	262	22	52	935	37	9376	3272	500	1902	57	63	13	17	7335	52	972
"Hendrix College"	"Yes"	823	721	274	52	87	954	6	8800	3195	500	1200	82	99	13.1	26	8588	63	960
"Hillsdale College"	"Yes"	920	745	347	35	66	1133	42	11090	4700	400	750	80	80	12	31	12639	79	1175
"Hiram College"	"Yes"	922	729	244	37	66	1000	275	14067	4560	400	1000	75	95	10.6	34	12165	79	1275
"Hobart and William Smith Colleges"	"Yes"	2688	2081	500	25	53	1792	5	19029	5841	600	600	99	99	12.1	37	13040	79	1797
"Hollins College"	"Yes"	602	498	215	26	58	795	74	13470	5515	500	850	78	91	11.1	48	13957	72	869
"Hood College"	"Yes"	699	565	176	36	64	710	399	13960	6040	450	690	82	88	14.4	34	12434	72	1109
"Houghton College"	"Yes"	949	786	302	30	70	1210	26	9990	3550	500	1500	85	90	15	24	8187	67	1236
"Huntingdon College"	"Yes"	608	520	127	26	47	538	126	8080	3920	500	1100	63	72	11.4	9	7703	44	664
"Huntington College"	"Yes"	450	430	125	20	46	488	43	9950	3920	300	1300	76	76	11.8	25	9466	47	531
"Huron University"	"Yes"	600	197	124	3	9	392	69	7260	3090	600	1840	31	35	12.9	4	9249	21	461
"Husson College"	"Yes"	723	652	361	10	30	951	706	7800	4000	350	1500	36	44	22	4	4923	84	1657
"Illinois Benedictine College"	"Yes"	607	558	269	22	47	1222	519	10500	4348	650	1500	81	91	11.6	29	8324	75	1741
"Illinois College"	"Yes"	894	787	262	28	63	909	28	8050	3850	600	1000	75	75	15.6	30	7348	52	937
"Illinois Wesleyan University"	"Yes"	3050	1342	471	55	86	1818	23	14360	4090	400	650	77	92	12.9	34	9605	83	1841
"Immaculata College"	"Yes"	268	253	103	16	44	494	1305	10000	5364	500	1000	56	64	11.2	33	7305	69	1799
"John Brown University"	"Yes"	605	405	284	24	53	961	99	6398	3672	400	1350	68	68	13.3	19	8118	75	1060
"Johnson State College"	"No"	833	669	279	3	13	1224	345	7656	4690	500	624	80	91	14.4	15	6564	36	1569
"Judson College"	"Yes"	313	228	137	10	30	552	67	9414	4554	500	1700	34	55	10.6	30	7840	56	619
"Juniata College"	"Yes"	1005	859	298	36	55	1075	43	14850	4460	450	420	97	97	12.7	37	12067	80	1118
"Kansas Wesleyan University"	"Yes"	589	575	148	16	40	474	258	8400	3250	500	1400	63	55	12.4	14	6535	68	732
"Kentucky Wesleyan College"	"Yes"	584	497	175	20	49	662	121	8000	4150	500	1300	57	65	11.3	32	7058	62	783
"Kenyon College"	"Yes"	2212	1538	408	44	75	1445	1	19240	3690	750	480	95	95	11.1	46	14067	88	1446
"Keuka College"	"Yes"	461	381	174	10	43	738	55	9600	4550	600	750	55	94	13.3	43	7863	51	793
"King's College"	"Yes"	1456	1053	381	20	45	500	541	10910	5160	400	1795	66	72	15.6	37	7649	87	1041
"King College"	"Yes"	355	300	142	34	65	509	44	8664	3350	600	3000	65	68	10.7	25	8954	65	553
"Knox College"	"Yes"	1040	845	286	48	77	967	24	15747	4062	400	800	88	95	12.7	33	13224	79	991
"La Roche College"	"Yes"	361	321	185	10	41	650	819	8842	4782	600	1100	57	73	14.2	14	7022	52	1469
"LaGrange College"	"Yes"	544	399	177	15	35	600	363	6987	3585	750	1500	77	83	12.5	12	9067	75	963
"Lake Forest College"	"Yes"	979	638	271	31	70	968	20	16880	3970	920	1320	91	94	10.7	19	15687	77	988
"Lambuth University"	"Yes"	831	538	224	15	35	840	325	5170	3430	600	1590	61	61	16.1	10	5531	60	1165
"Lawrence University"	"Yes"	1243	947	324	50	77	1129	74	17163	3891	525	975	76	92	10.1	57	13965	77	1203
"Lebanon Valley College"	"Yes"	1386	1060	320	28	56	965	502	13850	4755	400	1125	84	84	12.3	30	8196	85	1467
"Lenoir-Rhyne College"	"Yes"	979	743	259	25	46	1188	166	10100	4000	400	1000	88	92	12	20	8539	66	1354
"Lesley College"	"Yes"	244	198	82	12	33	1134	336	11700	5300	550	805	71	88	27.8	18	8694	58	1470
"LeTourneau University"	"Yes"	477	417	204	29	54	1532	77	8840	4240	600	1400	58	70	20.8	23	6863	56	1609
"Lewis and Clark College"	"Yes"	2774	2092	482	35	64	1763	59	15800	4790	450	950	97	98	12.3	21	12999	69	1822
"Lincoln Memorial University"	"Yes"	787	562	363	21	55	925	605	5950	2890	600	1300	67	72	14.6	35	5177	53	1530
"Lincoln University"	"No"	1660	1091	326	15	41	1196	33	4818	3400	350	1400	71	72	12.6	8	10912	45	1229
"Livingstone College"	"Yes"	900	473	217	22	47	621	11	4400	3400	800	900	53	93	10.4	16	9268	92	632
"Loras College"	"Yes"	1641	1283	527	20	39	1663	170	11200	4000	500	1200	61	62	14.2	24	7578	70	1833
"Louisiana College"	"Yes"	2013	1053	212	33	61	912	158	5150	3036	500	1655	64	74	10.5	11	7547	59	1070
"Lycoming College"	"Yes"	1286	1005	363	16	37	1363	74	13900	4300	500	900	75	81	14	32	8024	72	1437
"Lynchburg College"	"Yes"	1756	1500	366	3	21	1524	280	12450	5400	450	870	62	66	12.4	24	8832	70	1804
"Lyndon State College"	"No"	535	502	223	6	20	959	150	7320	4640	500	600	48	65	12.6	15	7114	51	1109
"Macalester College"	"Yes"	2939	1496	452	56	86	1723	113	15909	4772	500	700	85	91	11.9	37	14213	77	1836
"MacMurray College"	"Yes"	740	558	177	12	29	628	63	9620	3750	550	950	49	55	10.8	33	10642	59	691
"Malone College"	"Yes"	874	758	428	21	46	1605	246	9858	3700	450	1200	42	45	17.6	16	4796	55	1851
"Manchester College"	"Yes"	1004	802	239	23	63	909	51	10440	3850	525	1450	63	72	11.8	20	7940	64	960
"Manhattanville College"	"Yes"	962	750	212	21	54	830	150	14700	6550	450	400	97	97	11.3	24	11291	70	980
"Marian College of Fond du Lac"	"Yes"	824	670	337	15	41	1160	653	9400	3400	500	1100	37	37	8.4	21	5352	59	1813
"Marietta College"	"Yes"	1611	960	342	27	60	1089	210	13850	3920	470	810	80	97	13.2	30	10223	96	1299
"Mary Baldwin College"	"Yes"	499	441	199	26	52	846	377	11200	7400	600	1300	66	79	6.8	50	10819	90	1223
"Marymount College Tarrytown"	"Yes"	478	327	117	9	34	731	370	11510	6450	575	1075	71	93	10.3	30	10502	77	1101
"Marymount Manhattan College"	"Yes"	695	535	239	21	30	988	785	10200	7000	350	1100	63	76	11.7	20	10622	68	1773
"Marymount University"	"Yes"	941	772	214	10	30	1247	776	11390	5280	500	750	77	82	10.6	17	8575	55	2023
"Maryville College"	"Yes"	1464	888	176	26	52	624	128	11200	4208	500	1642	80	90	11.1	43	8317	51	752
"Marywood College"	"Yes"	1107	859	323	13	51	1452	402	11040	4500	600	700	65	76	11.8	30	9034	66	1854
"Mayville State University"	"No"	233	233	153	5	12	658	58	4486	2516	600	1900	68	68	15.7	11	6971	51	716
"McKendree College"	"Yes"	1002	555	119	16	43	836	684	7680	3740	500	800	70	74	17.7	21	6652	52	1520
"McMurry University"	"Yes"	578	411	187	25	50	880	477	6930	3452	400	1525	57	64	11	11	6383	32	1357
"McPherson College"	"Yes"	420	293	93	11	32	336	80	7950	3750	600	2740	54	54	9.8	45	9754	48	416
"MidAmerica Nazarene College"	"Yes"	331	331	225	15	36	1100	166	6840	3720	1100	4913	33	33	15.4	20	5524	49	1266
"Milligan College"	"Yes"	610	461	189	26	52	685	49	8200	3300	550	1000	63	69	12	16	8128	64	734
"Millikin University"	"Yes"	1444	1261	456	29	62	1788	95	11910	4378	450	965	60	77	11.4	25	8149	75	1883
"Millsaps College"	"Yes"	905	834	319	32	61	1073	179	11320	4402	550	1350	82	89	12.7	38	11218	58	1252
"Missouri Valley College"	"Yes"	1310	983	316	5	35	1057	175	8550	5050	400	900	35	67	17.4	16	4333	27	1232
"Monmouth College IL"	"Yes"	601	503	204	28	57	671	11	13000	4100	400	460	91	91	11.6	43	11087	56	682
"Montana College of Mineral Sci. & Tech."	"No"	572	544	320	45	72	1470	416	6073	3400	550	1400	71	71	16.4	31	6112	74	1886
"Montreat-Anderson College"	"Yes"	263	223	103	10	24	316	20	8438	3372	500	2958	42	50	11.1	4	11989	15	336
"Moravian College"	"Yes"	1232	955	303	23	58	1241	485	14990	4730	550	1250	86	92	15.2	28	9566	74	1726
"Morningside College"	"Yes"	586	533	239	16	36	950	228	10520	3678	500	1000	48	68	13	32	8111	56	1178
"Morris College"	"Yes"	882	730	330	2	13	926	12	4515	2550	850	2100	53	60	18.6	34	6990	60	938
"Mount Holyoke College"	"Yes"	1800	1314	526	47	79	1891	40	19300	5700	750	750	79	91	9	51	18359	84	1931
"Mount Marty College"	"Yes"	279	276	126	17	37	600	435	6844	2980	500	500	45	55	11.7	38	5073	44	1035
"Mount Mary College"	"Yes"	235	217	121	12	32	931	487	8950	3119	550	1125	51	51	10.7	26	7016	78	1418
"Mount Mercy College"	"Yes"	368	317	159	20	49	806	542	10500	3555	500	2285	44	50	11.3	30	6695	64	1348
"Mount Saint Clare College"	"Yes"	325	284	95	16	33	364	88	9900	3650	500	1200	32	37	13.6	43	6525	21	452
"Mount Saint Mary's College"	"Yes"	1321	1159	328	15	36	1243	79	12850	6200	550	900	77	82	12.8	36	8536	80	1322
"Mount Saint Mary College"	"Yes"	1170	695	238	14	48	1170	429	7470	4600	250	1400	74	75	15.3	23	6898	88	1599
"Mount St. Mary's College"	"Yes"	657	537	113	37	90	1039	466	12474	5678	630	1278	53	71	11.9	19	10613	72	1505
"Mount Union College"	"Yes"	1310	1086	458	26	61	1365	144	12250	3530	400	1150	85	87	16.7	35	7215	81	1509
"Mount Vernon Nazarene College"	"Yes"	510	485	334	18	36	1114	94	7400	3346	600	600	57	57	19.8	7	6869	58	1208
"Muhlenberg College"	"Yes"	2519	1836	462	30	61	1656	352	16975	4565	600	850	76	86	12.8	39	10888	83	2008
"Muskingum College"	"Yes"	1109	922	375	24	46	1115	70	13240	3914	600	800	73	85	13.4	27	9333	73	1185
"Nazareth College of Rochester"	"Yes"	947	798	266	36	68	1274	471	10850	5150	550	800	77	93	13.6	24	8797	61	1745
"New Mexico Institute of Mining and Tech."	"No"	787	601	233	40	73	1017	411	5376	3214	600	1100	99	100	13.7	11	9241	34	1428
"Newberry College"	"Yes"	872	722	154	14	36	601	36	10194	2600	500	1500	57	63	11.4	32	5788	83	637
"North Adams State College"	"No"	1563	1005	240	1	19	1380	136	5542	4330	500	1000	65	71	14.2	17	6562	57	1516
"North Carolina Wesleyan College"	"Yes"	812	689	195	7	24	646	84	8242	4230	600	1295	77	77	12.7	11	10090	52	730
"North Central College"	"Yes"	1127	884	308	30	64	1310	766	11718	7398	450	1800	73	87	16.4	33	8871	76	2076
"North Park College"	"Yes"	465	361	176	19	39	879	156	12580	4345	400	970	76	79	13.1	24	10889	74	1035
"Northwest Nazarene College"	"Yes"	616	514	385	29	52	1115	60	9840	2820	450	822	59	59	14.8	20	6261	58	1175
"Northwestern College"	"Yes"	860	811	366	22	56	1040	52	9900	3075	300	1800	68	68	14.9	34	6357	68	1092
"Notre Dame College"	"Yes"	379	324	107	15	37	500	311	9990	4900	400	600	44	47	12.1	26	4948	33	811
"Occidental College"	"Yes"	2324	1319	370	52	81	1686	35	16560	5140	558	1152	91	93	10.5	30	16196	79	1721
"Oglethorpe University"	"Yes"	792	649	186	56	87	769	377	12900	4340	600	4110	91	95	13.1	27	8568	67	1146
"Ohio Wesleyan University"	"Yes"	2190	1700	458	36	65	1780	48	16732	5650	550	550	93	93	12.1	32	12011	75	1828
"Oklahoma Christian University"	"Yes"	776	765	351	22	44	1419	228	6400	3150	500	1900	58	64	16.2	8	6578	45	1647
"Ouachita Baptist University"	"Yes"	910	773	450	31	73	1310	61	6530	2800	500	1500	63	67	13.3	10	6413	65	1371
"Pacific Union College"	"Yes"	940	668	385	20	48	1316	139	11925	3825	630	1926	48	87	12.3	12	9157	69	1455
"Pacific University"	"Yes"	943	849	288	41	71	1041	35	14210	3994	450	1100	76	76	10.9	22	11216	42	1076
"Peru State College"	"No"	701	501	458	10	40	959	457	2580	2624	500	900	48	100	20.1	24	4870	44	1416
"Pfeiffer College"	"Yes"	838	651	159	11	25	654	162	8640	3700	400	1915	62	62	12.2	13	7634	48	816
"Phillips University"	"Yes"	692	576	174	19	50	597	83	10500	3860	600	940	58	64	11.6	19	8990	39	680
"Piedmont College"	"Yes"	663	562	127	20	40	641	63	5640	3620	600	750	89	89	13.2	17	7309	31	704
"Pikeville College"	"Yes"	404	400	169	28	48	797	100	6000	3000	500	500	48	57	13.4	14	5557	61	897
"Pitzer College"	"Yes"	1133	630	220	37	73	750	30	17688	5900	650	850	100	100	10.4	11	14820	73	780
"Polytechnic University"	"Yes"	1132	847	302	58	89	1379	214	16200	4200	436	2486	90	90	10.4	14	14329	62	1593
"Presbyterian College"	"Yes"	1082	832	302	34	63	1133	30	11859	3635	554	1429	80	85	13.4	42	8354	85	1163
"Queens College"	"Yes"	516	392	154	32	62	630	549	11020	4970	610	1900	73	75	14	36	9315	58	1179
"Quincy University"	"Yes"	1025	707	297	22	66	1070	72	10100	4140	450	1080	69	71	16.3	32	6880	80	1142
"Randolph-Macon College"	"Yes"	1771	1325	306	21	46	1071	27	13840	3735	400	900	77	80	10.7	38	11080	74	1098
"Randolph-Macon Woman's College"	"Yes"	696	616	169	35	66	653	56	13970	6110	370	920	88	97	9.2	24	16358	68	709
"Reed College"	"Yes"	1966	1436	327	47	80	1199	61	19960	5490	500	450	90	90	11.8	37	15886	68	1260
"Regis College"	"Yes"	427	385	143	18	38	581	533	12700	5800	450	700	81	85	10.3	37	11758	84	1114
"Rhodes College"	"Yes"	2302	1831	391	58	82	1345	59	15200	4768	550	1500	90	96	10.8	47	13388	77	1404
"Ripon College"	"Yes"	587	501	211	28	52	735	28	15200	4100	350	650	87	90	9.4	49	12472	64	763
"Rivier College"	"Yes"	484	386	141	6	28	590	1196	9870	4860	600	1100	59	59	12.2	19	6744	81	1786
"Roanoke College"	"Yes"	2227	1790	437	27	54	1460	239	13425	4425	450	1200	85	89	13	26	9405	72	1699
"Rockhurst College"	"Yes"	935	858	345	22	50	1127	754	9490	4100	500	1500	60	79	10.7	21	7519	79	1881
"Rocky Mountain College"	"Yes"	560	392	270	11	31	743	118	8734	3362	600	625	56	78	11.3	27	6422	68	861
"Rosary College"	"Yes"	434	321	141	28	53	624	269	10950	4600	550	950	79	82	12.9	30	9264	81	893
"Saint Ambrose University"	"Yes"	897	718	276	12	48	1345	390	10450	4020	500	1500	56	56	14.1	16	7444	70	1735
"Saint Anselm College"	"Yes"	2095	1553	514	15	40	1873	94	12950	5400	450	1120	70	82	14.5	29	6719	97	1967
"Saint Francis College"	"Yes"	1046	824	284	21	45	1223	451	10880	5050	400	1235	64	64	19.3	24	7344	69	1674
"Saint Francis College IN"	"Yes"	213	166	85	13	36	513	247	8670	3820	450	1000	43	78	12.5	4	7440	48	760
"Saint John's University"	"Yes"	933	800	444	18	45	1691	72	12247	4081	500	600	76	85	12	38	9853	70	1763
"Saint Joseph's College IN"	"Yes"	920	684	225	24	42	815	222	11200	4250	600	950	55	60	14.8	19	7360	67	1037
"Saint Joseph College"	"Yes"	292	241	96	20	52	543	712	12200	4600	650	950	87	90	11.2	32	8680	76	1255
"Saint Mary's College"	"Yes"	888	734	393	26	60	1433	27	12730	4514	500	1525	74	95	9.9	31	11165	98	1460
"Saint Mary's College of Minnesota"	"Yes"	876	802	367	14	35	1263	118	10800	3600	400	820	68	74	18.8	19	5081	78	1381
"Saint Mary-of-the-Woods College"	"Yes"	150	130	88	23	50	341	768	10300	4130	500	1700	44	58	10.2	37	9678	75	1109
"Saint Michael's College"	"Yes"	1910	1380	463	16	64	1715	106	13030	5860	500	750	79	88	14.5	34	10190	84	1821
"Saint Vincent College"	"Yes"	700	595	278	19	35	1035	182	10850	3936	500	900	62	64	12.3	31	8534	88	1217
"Salem-Teikyo University"	"Yes"	489	384	120	23	52	700	45	10575	3952	400	620	46	24	13	9	8946	98	745
"Salem College"	"Yes"	335	284	132	28	69	534	216	10475	6300	500	2000	68	68	11.2	46	9599	60	750
"Sarah Lawrence College"	"Yes"	1380	768	263	57	82	1000	105	19300	6694	600	700	89	93	6.1	18	14779	83	1105
"Schreiner College"	"Yes"	584	413	131	19	51	521	99	8955	5900	500	1488	51	56	11.8	23	8545	52	620
"Scripps College"	"Yes"	855	632	139	60	83	569	7	17238	7350	600	800	95	100	8.2	41	18372	73	576
"Seton Hill College"	"Yes"	936	794	197	24	56	752	210	11240	4180	350	2000	71	71	11.2	37	10065	71	962
"Shorter College"	"Yes"	540	445	165	23	70	1115	111	7210	3600	500	2000	62	65	13.2	18	7356	58	1226
"Siena Heights College"	"Yes"	464	419	183	10	31	686	287	9240	3880	475	1090	29	49	7.2	17	9431	47	973
"Simmons College"	"Yes"	1003	782	295	23	53	1144	160	16160	6950	500	1200	74	81	8.9	33	14086	79	1304
"Simpson College"	"Yes"	1016	872	300	27	57	1116	602	11250	4980	550	1400	66	73	15.8	36	7411	70	1718
"Sioux Falls College"	"Yes"	437	400	211	13	35	614	271	8990	3064	500	1700	73	73	14.8	7	7881	48	885
"Southern California College"	"Yes"	385	340	193	18	38	784	127	9520	4124	630	1818	63	65	18.6	11	8219	43	911
"Southwestern Adventist College"	"Yes"	321	318	172	11	27	620	280	7536	3736	430	1651	44	77	13	12	5309	36	900
"Southwestern College"	"Yes"	213	155	75	28	66	504	147	7200	3532	550	1500	56	56	11.8	12	7818	52	651
"Southwestern University"	"Yes"	1244	912	352	44	77	1177	43	11850	4675	600	1050	83	89	11.3	35	12995	67	1220
"Spalding University"	"Yes"	283	201	97	10	45	589	263	8400	2800	600	900	50	56	10.6	40	6860	89	852
"Spelman College"	"Yes"	3713	1237	443	47	83	1971	107	7000	5565	660	2400	73	80	12.5	18	9988	65	2078
"Spring Arbor College"	"Yes"	372	362	181	15	32	1501	353	8600	3550	385	665	48	48	15.4	9	10938	49	1854
"St. Bonaventure University"	"Yes"	1489	1313	375	13	45	1688	131	10456	4927	500	1050	91	91	17.7	32	9828	78	1819
"St. John's College"	"Yes"	323	278	122	31	51	393	4	16150	5450	275	800	63	72	7.2	26	15622	64	397
"St. Lawrence University"	"Yes"	2753	1820	505	31	56	1801	45	18720	5730	650	825	90	94	11.5	38	14980	85	1846
"St. Martin's College"	"Yes"	191	165	63	5	25	494	574	11550	4270	300	500	43	77	14.5	8	9209	40	1068
"St. Mary's College of Maryland"	"No"	1340	695	285	42	73	1315	209	6800	4730	675	1250	84	89	11.6	23	10357	63	1524
"St. Norbert College"	"Yes"	1334	1243	568	30	56	1946	95	12140	4450	425	1100	74	78	15.1	36	8595	88	2041
"St. Paul's College"	"Yes"	651	581	243	8	17	617	34	5000	3650	600	600	45	45	14	8	8426	45	651
"St. Thomas Aquinas College"	"Yes"	861	609	215	10	27	1117	815	8650	5700	500	1750	69	73	16.1	13	6534	67	1932
"Stephens College"	"Yes"	450	405	194	17	34	614	388	13900	5200	450	2150	46	63	10.9	17	9995	59	1002
"Stetson University"	"Yes"	1557	1227	489	37	69	1964	81	12315	4565	600	1365	85	90	12.5	24	10307	73	2045
"Stevens Institute of Technology"	"Yes"	1768	1249	380	51	93	1263	11	16900	5680	450	750	89	89	19	33	12837	79	1274
"Susquehanna University"	"Yes"	2096	1512	465	27	59	1442	166	16130	4710	400	800	83	86	13.9	37	10554	90	1608
"Sweet Briar College"	"Yes"	462	402	146	36	68	527	41	14500	6000	500	600	91	99	6.5	48	18953	61	568
"Tabor College"	"Yes"	257	183	109	19	41	396	38	7850	3410	400	1500	55	70	10	15	7233	53	434
"Talladega College"	"Yes"	4414	1500	335	30	60	908	119	5666	2964	1000	1400	56	58	15.5	7	5970	46	1027
"Taylor University"	"Yes"	1769	1092	437	41	80	1757	81	10965	4000	450	1250	60	61	14.2	32	8294	98	1838
"Tennessee Wesleyan College"	"Yes"	232	182	99	7	29	402	237	7070	3640	400	3158	59	65	8.9	16	6286	36	639
"Texas A&M University at Galveston"	"No"	529	481	243	22	47	1206	134	4860	3122	600	650	103	88	17.4	16	6415	43	1340
"Texas Lutheran College"	"Yes"	497	423	215	27	57	895	429	7850	3410	490	1700	54	58	13.8	24	7002	50	1324
"Texas Wesleyan University"	"Yes"	592	501	279	19	44	1204	392	6400	3484	600	1800	80	83	14.5	10	7936	43	1596
"Thiel College"	"Yes"	1154	951	253	15	31	791	140	11172	4958	700	1350	68	76	11.6	16	9186	60	931
"Tiffin University"	"Yes"	845	734	254	5	21	662	351	7600	3800	600	1200	59	74	19	40	5096	39	1013
"Transylvania University"	"Yes"	759	729	244	57	81	867	51	10900	4450	500	1000	81	91	12.1	41	10219	70	918
"Tri-State University"	"Yes"	1262	1102	276	14	40	978	98	9456	4350	468	1323	53	53	12.8	24	7603	65	1076
"Trinity College CT"	"Yes"	3058	1798	478	46	84	1737	244	18810	5690	500	680	91	96	10.4	48	18034	91	1981
"Trinity College DC"	"Yes"	247	189	100	19	49	309	639	11412	6430	500	900	89	93	8.3	37	11806	96	948
"Trinity College VT"	"Yes"	222	185	91	16	41	484	541	11010	5208	550	500	58	78	10.4	26	9586	78	1025
"Tusculum College"	"Yes"	626	372	145	12	34	983	40	7700	3400	450	800	70	70	21.9	28	4933	52	1023
"Union College KY"	"Yes"	484	384	177	9	45	634	78	7800	2950	500	600	60	88	14.1	9	6864	64	712
"Union College NY"	"Yes"	3495	1712	528	49	84	1915	123	18732	6204	450	1024	94	96	11.5	49	15411	88	2038
"University of Charleston"	"Yes"	682	535	204	22	43	771	611	9500	3540	400	750	26	58	2.5	10	7683	57	1382
"University of Dallas"	"Yes"	681	588	246	44	74	1058	73	10760	6230	500	1200	85	93	13.4	26	8731	63	1131
"University of Dubuque"	"Yes"	576	558	137	11	39	662	131	10430	3620	400	1500	85	98	16.5	18	8767	45	793
"University of Maine at Machias"	"No"	441	369	172	17	45	633	317	6600	3680	600	400	46	46	15.1	4	5935	64	950
"University of Maine at Presque Isle"	"No"	461	381	235	10	40	974	503	6600	3630	400	1675	67	67	15.2	11	6408	35	1477
"University of Minnesota at Morris"	"No"	1458	874	588	56	86	1846	154	9843	3180	600	1500	74	78	14.6	16	6716	51	2000
"University of Mobile"	"Yes"	452	331	269	17	54	1417	301	6150	3680	550	1200	59	63	16.6	4	5412	52	1718
"University of New England"	"Yes"	1209	750	265	19	54	820	159	11450	5045	900	2500	72	75	11.4	13	9718	64	979
"University of Sci. and Arts of Oklahoma"	"No"	285	280	208	21	43	1140	473	3687	1920	600	1800	67	77	23.6	3	3864	43	1613
"University of St. Thomas TX"	"Yes"	374	280	185	45	77	995	408	8550	4050	500	1344	75	75	12.6	17	7237	62	1403
"University of the Arts"	"Yes"	974	704	290	5	22	1145	39	12520	3860	1300	700	16	59	7.5	9	11641	57	1184
"University of the South"	"Yes"	1445	966	326	46	83	1129	24	15350	4080	450	810	89	93	10.3	52	18784	82	1153
"University of Wisconsin-Superior"	"No"	910	910	342	14	53	1434	417	7032	2780	550	1960	75	81	15.2	15	6490	36	1851
"Ursinus College"	"Yes"	1399	1026	308	44	77	1131	17	14900	5160	500	800	82	85	11.6	40	12082	79	1148
"Ursuline College"	"Yes"	325	260	86	21	47	699	717	9600	4202	450	750	39	69	10.5	15	7164	68	1416
"Valley City State University"	"No"	368	344	212	5	27	863	189	4286	2570	600	2000	39	41	14.9	25	4958	40	1052
"Virginia Union University"	"Yes"	1847	1610	453	19	59	1298	67	7384	3494	500	1763	51	67	13.7	8	6757	30	1365
"Virginia Wesleyan College"	"Yes"	1470	900	287	20	49	1130	417	10900	5100	500	550	70	81	15.7	14	7804	68	1547
"Viterbo College"	"Yes"	647	518	271	17	43	1014	387	9140	3365	500	2245	51	65	10.7	31	8050	73	1401
"Voorhees College"	"Yes"	1465	1006	188	10	30	703	20	4450	2522	500	1200	43	43	22.9	3	5861	58	723
"Wabash College"	"Yes"	800	623	256	41	76	801	5	12925	4195	500	635	78	85	9.9	55	14904	72	806
"Wagner College"	"Yes"	1416	1015	417	10	44	1324	117	13500	5800	585	1700	67	78	13.2	23	9006	75	1441
"Walsh University"	"Yes"	1092	890	477	27	92	847	497	8670	4180	500	1450	42	58	11.3	33	5738	68	1344
"Warren Wilson College"	"Yes"	440	311	112	25	49	466	7	10000	3052	400	1100	65	75	11.4	20	9430	63	473
"Wartburg College"	"Yes"	1231	1074	345	34	66	1295	105	11600	3610	400	850	66	91	12.4	37	7735	67	1400
"Washington and Jefferson College"	"Yes"	1305	1100	334	42	64	1098	151	16260	4005	300	500	91	91	12.1	40	10162	86	1249
"Washington and Lee University"	"Yes"	3315	1096	425	68	93	1584	3	13750	4619	680	1115	81	96	9.6	45	15736	90	1587
"Washington College"	"Yes"	1209	942	214	31	60	822	46	15276	5318	500	300	79	86	11.2	37	10830	65	868
"Waynesburg College"	"Yes"	1190	978	324	12	30	1280	61	8840	3620	500	1200	57	58	16.2	26	6563	63	1341
"Webber College"	"Yes"	280	143	79	5	27	327	110	5590	2900	650	1952	53	63	15.1	4	4839	90	437
"Wells College"	"Yes"	318	240	130	40	85	416	19	14900	5550	600	500	93	98	8.3	42	13935	69	435
"Wesley College"	"Yes"	980	807	350	10	25	872	448	9890	4674	500	1350	52	57	14.4	15	6243	84	1320
"West Virginia Wesleyan College"	"Yes"	1566	1400	483	28	55	1509	170	14200	3775	450	1100	58	81	16.4	42	8080	67	1679
"Western Maryland College"	"Yes"	1205	984	278	31	50	1071	98	14510	5340	500	1400	84	91	12.5	39	10026	60	1169
"Westminster College"	"Yes"	996	866	377	29	58	1411	72	12065	3615	430	685	62	78	12.5	41	8596	80	1483
"Westminster College MO"	"Yes"	662	553	184	20	43	665	37	10720	4050	600	1650	66	70	12.5	20	7925	62	702
"Westminster College of Salt Lake City"	"Yes"	917	720	213	21	60	979	743	8820	4050	600	2025	68	83	10.5	34	7170	50	1722
"Westminster College PA"	"Yes"	1738	1373	417	21	55	1335	30	18460	5970	700	850	92	96	13.2	41	22704	71	1365
"Westmont College"	"No"	950	713	351	42	72	1276	9	14320	5304	490	1410	77	77	14.9	17	8837	87	1285
"Wheeling Jesuit College"	"Yes"	903	755	213	15	49	971	305	10500	4545	600	600	66	71	14.1	27	7494	72	1276
"Whitman College"	"Yes"	1861	998	359	45	77	1220	46	16670	4900	750	800	80	83	10.5	51	13198	72	1266
"Whittier College"	"Yes"	1681	1069	344	35	63	1235	30	16249	5699	500	1998	84	92	13.6	29	11778	52	1265
"Whitworth College"	"Yes"	1121	926	372	43	70	1270	160	12660	4500	678	2424	80	80	16.9	20	8328	80	1430
"Willamette University"	"Yes"	1658	1327	395	49	80	1595	159	14800	4620	400	790	91	94	13.3	37	10779	68	1754
"William Jewell College"	"Yes"	663	547	315	32	67	1279	75	10060	2970	500	2600	74	80	11.2	19	7885	59	1354
"William Woods University"	"Yes"	469	435	227	17	39	851	120	10535	4365	550	3700	39	66	12.9	16	7438	52	971
"Williams College"	"Yes"	4186	1245	526	81	96	1988	29	19629	5790	500	1200	94	99	9	64	22014	99	2017
"Wilson College"	"Yes"	167	130	46	16	50	199	676	11428	5084	450	475	67	76	8.3	43	10291	67	875
"Wingate College"	"Yes"	1239	1017	383	10	34	1207	157	7820	3400	550	1550	69	81	13.9	8	7264	91	1364
"Wisconsin Lutheran College"	"Yes"	152	128	75	17	41	282	22	9100	3700	500	1400	48	48	8.5	26	8960	50	304
"Wofford College"	"Yes"	1501	935	273	51	83	1059	34	12680	4150	605	1440	91	92	15.3	42	7875	75	1093
